0.000000000000000000e+00 1.735583849473759654e-01
1.753332466566952519e-01 2.276904103653801248e-02
2.277297697304866281e-02 -1.063116865720567378e-01
-1.067149424775402644e-01 -7.777989554889891410e-02
-7.793731601404627063e-02 -9.119817120177506342e-02
-9.145227542474405891e-02 3.308765169528227745e-01
3.438122089043569307e-01 -2.894469537360620515e-01
-2.979625410878006253e-01 8.500419729727559659e-02
8.520982819448316703e-02 -3.260325135325536222e-02
-3.261481084101804789e-02 8.492593716758872757e-02
8.513099899180209817e-02 -2.281517072729442597e-01
-2.322388112495037127e-01 2.342437226710539500e-01
2.386748739394041474e-01 2.934182213839072600e-02
2.935024703165547283e-02 6.923035477267365512e-02
6.934127731286907070e-02 -8.683661633747138606e-03
-8.683879910292839621e-03 1.732837645169541807e-01
1.750501109550927636e-01 -1.790945732636673449e-01
-1.810471010423809479e-01 -1.259736268072653709e-01
-1.266464179644611054e-01 4.710337166946404475e-02
4.713825463601409305e-02 9.626479620121251510e-03
9.626776995755162436e-03 -1.918407182530494082e-01
-1.942475215508313868e-01 -2.131258392791438375e-02
-2.131581171922444090e-02 1.164120712379092260e-01
1.169422521125679792e-01 -1.429752159597287575e-01
-1.439615712608560416e-01 -5.568561664948557671e-02
-5.574328226131435027e-02 2.048748067164185283e-01
2.078156838007232665e-01 -5.283196789327756354e-02
-5.288120553872759089e-02 2.460683645537294628e-01
2.512234351662365750e-01 -3.993607488810575479e-01
-4.228881483959509024e-01 4.333986220653240906e-01
4.640737714626488319e-01 -5.434698344995352037e-02
-5.440058479117691748e-02 -5.344561926511019224e-03
-5.344612815348420178e-03 -2.027779212620899052e-01
-2.056279057586579972e-01 2.173823723567811783e-01
2.209070011124698862e-01 -2.832098249321021166e-01
-2.911683693802006867e-01 5.714933658543260714e-02
5.721167626053754590e-02 -9.305534224405778709e-02
-9.332534439572191809e-02 -1.557369063151367028e-01
-1.570146326205039411e-01 3.657888358124556927e-01
3.835527384337713563e-01 -4.293369107632096782e-01
-4.590834588961419938e-01 5.757917039102595363e-02
5.764292917854111492e-02 -2.406384678731119664e-01
-2.454517143160607207e-01 -2.091695133704137705e-02
-2.092000265827517053e-02 -1.827316780814742525e-01
-1.848072795508636235e-01 2.901206532351974232e-01
2.986980005804711902e-01 -6.481558863772367285e-02
-6.490658284845665649e-02 1.277166856618686674e-01
1.284179812068112492e-01 1.601904287000183724e-01
1.615821339980685334e-01 -2.511135195925456309e-01
-2.566009194688750883e-01 3.496060868492770202e-01
3.649949208848506377e-01 5.377762063479632482e-02
5.382955298719947768e-02 -2.347796080922599227e-01
-2.392419459092963996e-01 -8.157662729921476286e-02
-8.175831053434677587e-02 -7.836519957724445706e-02
-7.852620955577899187e-02 -1.389163246917960726e-01
-1.398204066711329074e-01 4.393743150172403633e-02
4.396573800257335546e-02 -2.431607991765411536e-01
-2.481308161989451144e-01 1.594664093967323171e-01
1.608391346487571816e-01 -3.491183712337714851e-01
-3.644394019641500337e-01 4.071314479976492762e-01
4.321678843652003721e-01 -3.884038689091081631e-01
-4.099189612128805726e-01 1.305153780833921973e-01
1.312641235071506651e-01 -9.269861608542641351e-02
-9.296551429070554207e-02 -9.426963937068712218e-02
-9.455038857697214971e-02 -1.309343658294538359e-01
-1.316903958241603112e-01 -1.196184909083270603e-01
-1.201939632801348190e-01 2.760660450204198146e-01
2.834185280824246256e-01 7.385334530773350094e-03
7.385468808343814695e-03 2.448678825354000388e-01
2.499459804314953515e-01 5.442548386731588250e-02
5.447931809084782112e-02 7.735829434316872366e-02
7.751316268637001294e-02 -1.902331890106769841e-01
-1.925791027544686007e-01 1.322082068644492292e-01
1.329866769741772092e-01 -2.264997506624167323e-01
-2.304968340218411793e-01 1.420385157687640842e-01
1.430054539664281088e-01 -1.077979247559325976e-01
-1.082184118092040098e-01 2.776243877377377878e-01
2.851062216120099913e-01 -3.210243592957144898e-01
-3.327887463653712019e-01 3.346367534163365021e-02
3.347617481149007396e-02 1.325506018344065895e-01
1.333351792078085463e-01 8.206323090822456937e-03
8.206507313092137323e-03 1.526537942081865606e-01
1.538564276356742255e-01 -2.782021719449337960e-01
-2.857323666498017833e-01 2.301567234474342916e-02
2.301973759988033830e-02 -5.237578423470436173e-02
-5.242375603260032019e-02 1.854266759007951737e-01
1.875968026869028749e-01 7.879291392146282880e-02
7.895658130948582376e-02 1.915847362919135544e-01
1.939817723012808581e-01 1.295435909713224254e-01
1.302756230759687384e-01 7.590414900461234238e-02
7.605042739898629223e-02 1.704820568560320437e-01
1.721631083354286385e-01 -1.594056989994419582e-01
-1.607768407495365481e-01 1.747361670800677280e-01
1.765478650106736824e-01 -6.812371408618299318e-02
-6.822939226595034490e-02 -3.446626311451705255e-02
-3.447992060919943813e-02 -6.708568938220287048e-02
-6.718660150018880561e-02 -4.526854306155003033e-02
-4.529950318867847353e-02 1.795121194381951724e-01
1.814785171170774924e-01 -2.909936710942047089e-01
-2.996515177448383915e-01 -6.844241322740160505e-02
-6.854958433001366591e-02 1.883706741740741597e-01
1.906473629531336700e-01 1.555467470245602557e-01
1.568197524790293784e-01 -3.338747548570828449e-01
-3.471828132619603213e-01 -3.289341089770440874e-02
-3.290528190413248566e-02 3.036200176850488708e-01
3.135024197911532307e-01 8.010019235951366945e-02
8.027216357232533350e-02 -2.641997279608760407e-01
-2.706179312309750506e-01 2.810159233922941979e-01
2.887847606821954960e-01 -3.805949332960288922e-01
-4.007551744043362230e-01 3.656490947268503100e-01
3.833914210954099677e-01 -3.893668383396962640e-01
-4.110535107889228268e-01 4.276567552108059278e-01
4.570254283998004263e-01 -1.009366961376241822e-01
-1.012815952581788692e-01 -2.485024906774477849e-01
-2.538161048704483114e-01 3.174631406354276320e-01
3.288233856405288202e-01 2.316249921147775157e-02
2.316664278289631146e-02 -2.556165961512079088e-01
-2.614129063674964781e-01 3.677141160275504972e-01
3.857772284526099216e-01 1.330492656667111098e-02
1.330571173418407249e-02 5.262964945704636660e-02
5.267832297909278566e-02 -1.172850511482332464e-01
-1.178273163835763804e-01 -5.711541423164155640e-02
-5.717764281789992215e-02 -1.788130008503453494e-01
-1.807562130981588133e-01 9.894532630011462770e-02
9.927013383866792329e-02 1.553834618601761600e-02
1.553959689435369801e-02 6.482568482615723438e-02
6.491672163719046373e-02 -2.441966189936858322e-01
-2.492320251719877811e-01 2.314753618080667152e-02
2.315167172541995888e-02 -2.287913590261854146e-01
-2.329136912551985072e-01 -1.227510429709457729e-01
-1.233732076787843746e-01 2.244452454893286486e-01
2.283322870137943772e-01 -1.576704337059234573e-01
-1.589968357507599017e-01 2.823913293573454553e-03
2.823920800028651562e-03 2.166972289022280063e-01
2.201879875747505266e-01 1.147698981194469198e-01
1.152778399296859324e-01 -3.002260976017296357e-01
-3.097680816321535247e-01 1.691015712965394102e-01
1.707416427214377419e-01 -1.281823727770222965e-01
-1.288914190203711840e-01 3.003050893881803463e-02
3.003954131270765437e-02 -1.611280159354989694e-01
-1.625445629360673938e-01 3.006125712842060427e-01
3.101928955310786495e-01 -2.477841325868495870e-01
-2.530506113988495454e-01 1.548315115856037094e-01
1.560868664228595437e-01 -2.999329492831901423e-01
-3.094459237252737416e-01 1.692224432134756817e-01
1.708660753766133300e-01 -3.304507646245595232e-01
-3.433341908111252061e-01 2.788705676315247906e-01
2.864569796687210235e-01 -3.956896601611248343e-01
-4.185280392363143198e-01 1.233198369003059812e-02
1.233260888748452522e-02 -1.166154101173551630e-02
-1.166206967850824325e-02 9.364861156037651568e-02
9.392382928156575717e-02 1.677102080280172200e-02
1.677259344722198051e-02 -1.820795985497175584e-01
-1.841327574149206614e-01 7.403248213202756611e-02
7.416818127383947856e-02 2.936482423055784829e-02
2.937326895992177500e-02 -1.144483628565539229e-01
-1.149520250024034518e-01 -6.733097210774935393e-02
-6.743299718638315343e-02 3.172062158728864434e-01
3.285376910606837009e-01 3.239485114096964796e-02
3.240619028537741753e-02 1.807076378579958731e-01
1.827141180652376851e-01 3.688130815129440215e-02
3.689804417721691959e-02 -2.625799597942182588e-03
-2.625805632775431164e-03 -1.844132949769247687e-01
-1.865475417624402610e-01 2.084541782371849561e-01
2.115547566204828422e-01 1.553573425218560677e-01
1.566256576074686324e-01 -1.193582334266607287e-01
-1.199299361579201917e-01 -2.149768566621869381e-01
-2.183835541358752907e-01 2.393338594646755024e-01
2.440673770292901279e-01 -3.867054613516126005e-01
-4.079203667007054168e-01 4.209791900829496503e-01
4.488815326849224241e-01 -4.822319481036779765e-02
-4.826062768954784976e-02 -1.530107720456621578e-01
-1.542219430799689206e-01 1.109325652095957820e-01
1.113910015609546889e-01 -2.201856880728600141e-01
-2.238512498866809530e-01 -8.519204305469428584e-02
-8.539904419611218933e-02 2.254295388112802223e-01
2.293690366845371198e-01 -2.504344153547241603e-01
-2.558762419801804966e-01 8.035176771809098006e-02
8.052536861254609712e-02 -2.381655297069570076e-01
-2.428284250802937305e-01 1.893956598896150978e-01
1.917102699498254847e-01 1.594407346854019858e-01
1.608127901160463780e-01 -1.711932720637075744e-01
-1.728957047767013255e-01 -1.625340431645115602e-01
-1.639884035784575644e-01 3.730648210057376235e-01
3.919787316848841185e-01 -8.314848818561915156e-02
-8.334090744553640517e-02 1.261974616719952758e-01
1.268738687436266888e-01 -2.294232952331135555e-01
-2.335806355044948712e-01 2.409309866993787630e-01
2.457622363707155089e-01 1.836333912766811502e-02
1.836540365953737847e-02 -1.319208690223040992e-01
-1.326942387016299685e-01 3.374047224803131129e-01
3.511609390300117761e-01 -1.744968966306024299e-02
-1.745146108174581989e-02 2.844189988375039890e-02
2.844957288762285305e-02 7.608420933718665347e-02
7.623153364148746447e-02 3.912937058321282191e-02
3.914935937553615242e-02 1.975970802541861249e-01
2.002307598489325990e-01 -5.256206510170861879e-02
-5.261055114486365425e-02 -1.634888088078130519e-01
-1.649692326043832313e-01 1.670345502484718581e-01
1.686145367351982727e-01 -1.533450097614753871e-01
-1.545642116052706183e-01 2.764959890065892822e-01
2.838840022825691589e-01 8.567293248193076638e-02
8.588346931137537388e-02 -2.962443494598434590e-01
-3.053975958910208899e-01 2.822343243971454085e-01
2.901081212181214064e-01 -7.069860719932015425e-02
-7.081675250304997338e-02 -2.078692013903246649e-01
-2.109432838496111684e-01 2.330436886944233996e-02
2.330858906263064134e-02 -1.527954942467934785e-01
-1.540015117345974738e-01 -1.447118750342335849e-02
-1.447219779290369671e-02 2.522611305117151148e-01
2.578261442737451170e-01 -3.955964254592391760e-01
-4.184175017189542545e-01 4.042944138028491986e-03
4.042966166087264002e-03 1.998154266087517061e-01
2.025402974952974222e-01 -3.049252119517458226e-01
-3.149407803937134820e-01 2.370811346513612139e-01
2.416791354190939989e-01 -2.341703407703233930e-01
-2.385972332172450749e-01 3.158929750945547732e-01
3.270782040598015916e-01 -2.059496727190909260e-01
-2.089379009730800985e-01 3.159312105096881429e-01
3.271206784369071197e-01 -2.056530591078701842e-01
-2.086281689045236531e-01 2.562171872244229931e-01
2.620555889698308882e-01 -1.179164358691087849e-01
-1.184675555934908697e-01 -5.272798636038729392e-02
-5.277693353250502428e-02 -1.741496398522041078e-01
-1.759429293743229039e-01 3.036448579465931830e-01
3.135297827131937609e-01 -3.869057548920269429e-01
-4.081559004702421389e-01 2.836766710857837048e-01
2.916759985084815265e-01 -3.377410431247229727e-01
-3.515405143575562330e-01 1.839430644561344252e-01
1.860608001771447140e-01 -2.952696914265324768e-01
-3.043295098924831410e-01 7.675493376358945297e-02
7.690619810110614629e-02 -2.462931653357135209e-02
-2.463429842125914801e-02 1.204625319583804005e-01
1.210503446028309560e-01 -3.314252979563426238e-01
-3.444285819706409679e-01 3.204354698029863308e-02
3.205452106141612467e-02 8.940967695754044320e-02
8.964907595534564455e-02 1.330495334272516483e-01
1.338430678641501503e-01 -2.560982458580345900e-01
-2.619282949822110962e-01 -1.212423496625363861e-01
-1.218417206438124761e-01 2.365204340866095545e-01
2.410851259869610796e-01 -3.696975459972150491e-01
-3.880727176019632685e-01 4.057019197255597454e-01
4.304555159357389416e-01 -4.446781701260954511e-01
-4.780470183867790990e-01 1.066187939874372326e-01
1.070255708203340372e-01 7.549738520946001896e-02
7.564131915987590271e-02 5.445353724958068575e-02
5.450745486094327186e-02 -1.299854424411754916e-01
-1.307250422465550677e-01 2.755150829179106586e-02
2.755848278642810192e-02 -2.489096554745493239e-01
-2.542501152623988792e-01 2.345876750342541783e-03
2.345881053584367160e-03 8.152944207910990584e-04
8.152946014345950967e-04 -2.523538020162049422e-01
-2.579251162404474496e-01 1.138642958557343488e-01
1.143602461182009478e-01 -2.564414568064171118e-01
-2.622956304089798518e-01 -4.648386405684877543e-02
-4.651738752625002304e-02 -1.856865580754000489e-01
-1.878659520131606420e-01 3.539730279584866746e-01
3.699786388547869342e-01 -2.582906161429632252e-01
-2.642759622586823287e-01 1.594383490300553263e-01
1.608103422331481069e-01 -6.904972396382723365e-02
-6.915977887837790328e-02 5.359734432966363482e-02
5.364875556087352060e-02 -2.259777116848650513e-01
-2.299466335903017078e-01 2.482802608157072266e-01
2.535792622246556549e-01 -1.227618372431841659e-01
-1.233841671001165846e-01 2.321893006772073331e-01
2.365022839643525221e-01 1.095301541421664533e-02
1.095345345152777539e-02 -1.306096587109040752e-01
-1.313600391678793056e-01 3.042517452123102428e-01
3.141984439925840644e-01 -5.281564775154066679e-03
-5.281613885596385394e-03 -4.983489431303148726e-02
-4.987621116112068986e-02 2.959316293102128292e-01
3.050548257296065713e-01 2.600384191938304168e-02
2.600970556275157552e-02 -2.565623443452395014e-01
-2.624250316745875278e-01 -3.365283398750556348e-02
-3.366554672032694151e-02 1.412593174301826071e-01
1.422103013109970449e-01 -3.509106392415257958e-03
-3.509120796032143969e-03 -2.606514436091119657e-01
-2.668072078976890249e-01 4.069189988555005355e-01
4.319132500780154538e-01 -2.842628562397582215e-01
-2.923135990463823775e-01 8.764781161454449077e-02
8.787329272407286285e-02 -1.983322613938343359e-01
-2.009959279758995465e-01 -1.453437150274138334e-01
-1.463803382535741604e-01 2.031881183839549798e-01
2.060557301537739860e-01 -8.771241435426634092e-02
-8.793839596465508057e-02 -6.888948676999706588e-02
-6.899877582382596408e-02 -2.124996621864718438e-01
-2.157877722666242115e-01 -8.055617728802388910e-02
-8.073110991408834203e-02 -2.324889693922741266e-02
-2.325308706132615463e-02 -1.907497301256477762e-01
-1.931150933726604735e-01 3.500403640822877249e-01
3.654897539661808858e-01 -1.383581263469403355e-01
-1.392512693311371008e-01 3.288512171180248411e-01
3.415396279966999016e-01 -1.077884986350119943e-02
-1.077926733447962665e-02 -1.107729607857177584e-01
-1.112294114634554548e-01 -1.505220369860524043e-01
-1.516745319552619820e-01 3.027742203175058308e-02
3.028667911982680511e-02 -1.113074633827634552e-01
-1.117705867264352920e-01 2.921702123055955891e-01
3.009373835034224731e-01 -2.727431514548776526e-01
-2.798250487447600521e-01 1.826471263609317219e-01
1.847198084455879408e-01 -1.825278976043341606e-01
-1.845964677314869962e-01 2.051822025803184402e-01
2.081365686017685457e-01 -1.670525121591277251e-01
-1.686330142334917515e-01 1.370518336285592442e-01
1.379197268188191716e-01 -1.091333886031712608e-01
-1.095697743753821923e-01 2.624870455229333377e-01
2.687776233362993983e-01 -9.981142764699384162e-02
-1.001448742326078445e-01 1.183806695545206733e-01
1.189383613026344655e-01 -2.068231504718106295e-01
-2.098502402037936698e-01 -5.639518126639347711e-04
-5.639518724506673020e-04 -2.191403091286864280e-01
-2.227528720797339323e-01 6.506811744406891529e-02
6.516018119305935774e-02 9.286240299524629871e-02
9.313072335738703522e-02 -2.363135608598044557e-01
-2.408660054560813335e-01 1.532521019956087360e-01
1.544690679201776995e-01 1.083026026444876416e-01
1.087290513540433157e-01 -2.334719873732103435e-01
-2.378584910210266024e-01 3.464548549930728805e-01
3.614093857322124848e-01 -1.542540542334089847e-02
-1.542662905446712945e-02 -1.831733034420674755e-01
-1.852641987426724701e-01 -3.441173337696687429e-02
-3.442532612013671917e-02 -1.351097435620040310e-01
-1.359409939455927807e-01 2.132814014448133066e-01
2.166066238772477726e-01 -3.305796713790115082e-01
-3.434789063344038107e-01 6.583193519232047319e-02
6.592728502649963795e-02 -2.060866289813306773e-01
-2.090809277912626107e-01 2.021133669611758013e-03
2.021136421716258902e-03 -2.741446895268735348e-02
-2.742133986104656335e-02 2.432382244881158839e-01
2.482131087882697984e-01 -2.746405961449476796e-01
-2.818761355010991898e-01 4.835228637814113772e-02
4.839002096456426066e-02 1.154843379981365936e-01
1.160018764036610528e-01 -2.245213475128093883e-01
-2.284124275387959813e-01 1.100170588766786889e-01
1.104641836401660804e-01 -8.690545339350309872e-02
-8.712523636480731803e-02 1.258546530849301015e-01
1.265255276013506902e-01 1.547642457060337540e-01
1.560179491204493063e-01 5.304295508340237802e-02
5.309278565644227205e-02 -2.084442070483437659e-01
-2.115443324921544577e-01 2.652001339808950919e-01
2.716937131620450474e-01 1.298215758708125833e-01
1.305583629761580822e-01 -3.682549124181995204e-01
-3.864027249809396380e-01 3.748449402724337576e-01
3.940482592503637416e-01 -2.985531870253909092e-01
-3.079304564749073547e-01 -9.627803552238098361e-02
-9.657718285758959409e-02 3.850367807067377190e-02
3.852272267477567513e-02 -2.017751121433778994e-01
-2.045823153819167073e-01 -1.491379235997765951e-01
-1.502586327687820411e-01 -8.863301690796539234e-02
-8.886621182332354874e-02 4.207025702866982325e-02
4.209510356046335111e-02 6.600821553999933200e-02
6.610433473642883528e-02 -3.613950441966430616e-02
-3.615525025979646895e-02 -1.828172095574538414e-01
-1.848957670854924906e-01 -8.245920567739306595e-02
-8.264686623140463095e-02 -1.322910116474089182e-01
-1.330709557902384765e-01 3.834527627514009579e-02
3.836408666228329628e-02 2.704594529373638076e-03
2.704601123953728412e-03 1.107702777855306131e-01
1.112266951329376752e-01 2.154572374842384785e-01
2.188872660898559530e-01 -2.974215387612336725e-01
-3.066885292773415261e-01 3.034119055813371268e-01
3.132731906536654343e-01 -6.770616551354942392e-02
-6.780990884540022412e-02 -1.927429278520572387e-01
-1.951843723545070297e-01 3.691612665327926313e-01
3.874516801040678304e-01 -4.305645004202681148e-01
-4.605894412026108609e-01 4.724738416882036107e-01
5.132503487362307659e-01 -4.636788736656277110e-01
-5.019876119520148006e-01 2.762177154625510278e-01
2.835827187777566483e-01 1.036131643261720275e-01
1.039863573778204570e-01 -2.016754790316174495e-01
-2.044784559065713492e-01 -1.037274691595860276e-01
-1.041019040532548262e-01 1.303857596891217219e-01
1.311322611649317627e-01 -1.978976270282028216e-01
-2.005435374874270649e-01 -1.625664808825560137e-01
-1.640217216460681526e-01 2.740468138562559552e-01
2.812340250884932114e-01 -3.427614249500109400e-01
-3.572182284350794990e-01 3.107944557761293525e-01
3.214245690556934432e-01 -1.256872985902607043e-01
-1.263554832877699374e-01 1.821832003327507055e-01
1.842399137723193525e-01 -7.258896924077859469e-02
-7.271686809688521214e-02 3.076310775487693383e-01
3.179267514715276022e-01 -7.911389516078438933e-02
-7.927957598420284913e-02 5.409159790019938546e-02
5.414444626151498907e-02 -1.069740003272758450e-01
-1.073848751996036299e-01 -2.106684902195448544e-02
-2.106996642648464868e-02 -2.850622808734045582e-02
-2.851395328908262750e-02 1.447915874789669211e-01
1.458163415922077155e-01 -3.372187528947406809e-01
-3.509510933705026758e-01 2.666939833383515368e-01
2.733012613148043668e-01 2.617164325818632092e-02
2.617762118033441221e-02 -8.355715379982397994e-02
-8.375243221328131094e-02 -9.357834803628964360e-02
-9.385294456035687960e-02 3.336534357593543554e-01
3.469337487576679147e-01 -8.165079114095491475e-02
-8.183297167888942125e-02 -1.737402249343361349e-01
-1.755207403440930680e-01 1.225065404151626791e-01
1.231249722011213410e-01 -1.288543524069317089e-02
-1.288614845375915877e-02 -2.549886552117790472e-01
-2.607411828429342382e-01 3.793525947450798741e-01
3.993031992835837651e-01 -2.882178614674035244e-01
-2.966215800403194658e-01 2.448818707456355270e-01
2.499608609316561481e-01 1.245494668801020444e-01
1.251995558521220853e-01 5.984490042617774536e-02
5.991649742392109873e-02 -1.294508628440348696e-01
-1.301813134198335775e-01 3.388108566662000332e-01
3.527485661921476723e-01 -2.612337981607950610e-01
-2.674321129116141171e-01 -1.274904949567172985e-01
-1.281880465490209398e-01 -5.955835058283474176e-02
-5.962892258014243496e-02 1.439772151084382223e-01
1.449846306133397433e-01 1.238814739442533758e-01
1.245210945827813914e-01 -7.660624726654649552e-02
-7.675663216911900177e-02 1.107211059672060655e-01
1.111769127532166307e-01 -3.238736987052746041e-01
-3.359687216967495726e-01 -7.864089257659821752e-02
-7.880361211351066819e-02 1.446424216600470380e-01
1.456639849664288222e-01 1.164285723654305132e-01
1.169589799642276468e-01 -3.150572804895650503e-01
-3.261501446788538927e-01 2.948516463511507979e-02
2.949371364928607409e-02 1.014976067692177110e-02
1.015010923326974991e-02 6.985312277664583458e-02
6.996707171261457026e-02 -1.460932923225402406e-02
-1.461036873393212719e-02 -2.296080118524542468e-01
-2.337756235971321095e-01 3.242119248088663475e-01
3.363466295444768606e-01 -3.563117222095078529e-01
-3.726548787478161096e-01 4.363051889346392098e-01
4.676581321153244764e-01 -4.452496203232716998e-01
-4.787595435164828106e-01 2.450378076127295579e-01
2.501267521556174156e-01 5.258319888091050887e-02
5.263174349721980866e-02 2.220407626086488562e-01
2.258016838790830594e-01 -1.870227201141169970e-01
-1.892501860379762479e-01 2.558874984255190554e-01
2.617027682518670018e-01 -2.264654063583234900e-01
-2.304606327992591019e-01 2.517466901529512024e-01
2.572768184284784376e-01 1.013888635346993777e-01
1.017384379494435664e-01 -1.010028705139272981e-01
-1.013484512242045360e-01 2.262232849835538878e-02
2.262618882489209754e-02 2.587417473435183954e-02
2.587995107454642285e-02 3.325210675641971508e-03
3.325222931370285656e-03 -6.122856317231264306e-02
-6.130524974983297265e-02 2.507979827929619071e-02
2.508505863130546659e-02 2.062360130646696543e-01
2.092369429058348052e-01 4.009843051444456075e-02
4.011994248152853798e-02 1.662826801737769811e-01
1.678411867513946998e-01 -2.267622731439098704e-01
-2.307735701182627996e-01 1.179321252094373135e-01
1.184834661887199103e-01 -1.270187508133324358e-02
-1.270255824427625295e-02 -1.870353917070421701e-01
-1.892633169484121969e-01 2.281566891201841363e-01
2.322440666638596329e-01 -1.771098856883665806e-01
-1.789973952086803544e-01 3.293587945721074273e-01
3.421088589311480632e-01 -3.277610797494773798e-01
-3.403177953006026324e-01 6.896927932680382844e-02
6.907894930572142100e-02 -1.897955985633703602e-01
-1.921251210770681950e-01 -1.132596979962801897e-01
-1.137477492795065798e-01 -5.819803337103449797e-02
-5.826387301746480119e-02 -1.570621551461855725e-01
-1.583731111601283104e-01 2.032787930783076236e-01
2.061503114173464379e-01 -2.418813310437980396e-02
-2.419285197734654183e-02 -2.577626224993944670e-01
-2.637103086622556436e-01 -6.401994692694777667e-02
-6.410762570326657139e-02 4.382047933397148487e-02
4.384856022496058658e-02 5.682768488688260539e-02
5.688897653036754931e-02 -2.536017156122214455e-01
-2.592583542872889946e-01 2.640182803485514040e-01
2.704228779564843421e-01 5.549696256984339854e-02
5.555404335881188732e-02 -1.519502215888018648e-01
-1.531361474350904917e-01 3.487232716418844358e-01
3.639895326964290301e-01 -1.432446005971096392e-01
-1.442365883731138443e-01 -1.271278028283538419e-01
-1.278193791962133341e-01 2.213506016693998213e-01
2.250758488573827987e-01 -3.681991178368781981e-01
-3.863381784641390926e-01 -4.359923195085345371e-02
-4.362688932726967173e-02 -1.144168224011298252e-01
-1.149200660503072180e-01 -2.044149821907731146e-01
-2.073357602928408705e-01 1.343293427197488343e-01
1.351461674719403872e-01 -1.116769324319043660e-01
-1.121447062769326125e-01 -1.422408833955613461e-01
-1.432119944752683338e-01 1.147199829097356877e-01
1.152272587478212623e-01 -6.948581654125221552e-03
-6.948693489661074418e-03 -7.997809147175002908e-02
-8.014927543049672753e-02 -3.991112023706860912e-02
-3.993233195508108513e-02 -1.184929547105296743e-01
-1.190522439219842410e-01 -2.110587467543182869e-02
-2.110900943984377054e-02 -1.252923699985199479e-01
-1.259542359686706414e-01 -2.219514951884278900e-02
-2.219879522249272250e-02 4.052409168054798422e-02
4.054629647840606727e-02 1.906102108003626117e-01
1.929703098858615851e-01 -2.888214665243127310e-01
-2.972799938587166735e-01 4.111932459252667926e-01
4.370464304632699637e-01 -4.651171066008627508e-01
-5.038213112047917885e-01 7.408035510415472702e-02
7.421631824613109107e-02 -9.761526018265810622e-02
-9.792709508260560858e-02 -2.185995804864060699e-01
-2.221849370302678983e-01 9.118085230419321896e-02
9.143481130379151056e-02 2.171291447880444037e-01
2.206412290851650915e-01 -1.869789807987525809e-01
-1.892048617636378771e-01 2.425045576494324617e-01
2.474334527129345151e-01 -5.900744615702443324e-02
-5.907607517894770260e-02 3.871981954532617565e-02
3.873918686963222224e-02 -1.816742789380739465e-01
-1.837135714516996421e-01 1.152750226427420449e-01
1.157897369471659194e-01 -4.558327567733999608e-02
-4.561488660494916747e-02 1.374013002620732005e-01
1.382759006114688827e-01 -1.107339922928178566e-01
-1.111899590339292254e-01 2.121844847812947854e-01
2.154577127532546488e-01 1.654034661492695402e-02
1.654185524882403197e-02 -1.875086534603122579e-01
-1.897537796361171702e-01 2.185361073378681018e-01
2.221182795259112330e-01 1.343372530428889600e-01
1.351542231635390334e-01 -2.232745479465104640e-02
-2.233116609694279359e-02 -8.095681996741302400e-02
-8.113438258694441463e-02 -1.316816695113140478e-01
-1.324508104574992906e-01 -1.757406490822601142e-01
-1.775841704977474400e-01 -1.619582527244196185e-02
-1.619724157601735992e-02 7.360146886742481576e-02
7.373480656706110636e-02 7.500927842340678053e-02
7.515043244097346919e-02 1.659469734644594685e-01
1.674959536288386786e-01 -1.917935049747835907e-01
-1.941985047582822088e-01 1.097195403917440165e-01
1.101630299132343310e-01 -1.612545273417316793e-01
-1.626744491268154180e-01 2.472800137174065160e-01
2.525135879457131582e-01 -4.191639240786128318e-02
-4.194096712910472952e-02 1.289986548218840512e-01
1.297214257067815790e-01 -2.512698603968923083e-01
-2.567677893038730064e-01 3.319541371045850453e-01
3.450227953477323362e-01 -2.564915115304344240e-01
-2.623492092867796832e-01 3.747710279135749722e-01
3.939622665485523756e-01 -2.449005946506743747e-01
-2.499807793802340805e-01 3.619433998011606368e-01
3.791204673552052151e-01 -2.045582833444465135e-02
-2.045868223615290860e-02 2.008726502004508918e-01
2.036417302201740664e-01 -3.894261962297811824e-02
-3.896232340767954300e-02 1.000617997139233439e-01
1.003977720742920132e-01 -2.521002063450245023e-01
-2.576542910878393822e-01 3.064383758882870956e-01
3.166099105725193597e-01 6.161394121602144919e-02
6.169208716973265116e-02 -1.409967966683078333e-01
-1.419424456314740124e-01 -2.114552409957233189e-02
-2.114867656723702638e-02 1.534691213943579491e-01
1.546913144418876895e-01 -1.664807483781282071e-01
-1.680448941632759485e-01 -7.171833466640527288e-02
-7.184167709086150544e-02 1.591279339524470371e-01
1.604918465610666867e-01 -1.194976811508936254e-01
-1.200714016093611947e-01 2.686970113608166955e-01
2.754589092281001239e-01 1.129769874695615017e-01
1.134613743662757773e-01 -3.531932595186673685e-01
-3.690874534137442153e-01 3.257245172407730593e-01
3.380378194531442615e-01 -5.226890968889521399e-02
-5.231658810075803107e-02 -2.692413411466495488e-01
-2.760456892952614094e-01 5.067836008906400486e-02
5.072181274788647304e-02 -6.087211811553173979e-02
-6.094747119698756127e-02 -9.157934209547041737e-02
-9.183665663857099037e-02 -6.012187153167917325e-02
-6.019446867361439441e-02 -1.113445350196969608e-01
-1.118081235754899427e-01 3.166182452783997126e-01
3.278840756454206584e-01 -1.462115306613095411e-01
-1.472669964229570694e-01 1.922967346178889592e-01
1.947210049137360344e-01 1.462169316966227262e-01
1.472725154472916409e-01 -6.738195373894155515e-02
-6.748421116995520497e-02 -3.878412829552910918e-02
-3.880359233854732692e-02 2.237821106543801120e-01
2.276340835224941184e-01 -3.057122782559904342e-02
-3.058075712603110230e-02 -8.967863670153293498e-02
-8.992020969364203364e-02 1.763066101588785239e-02
1.763248812944245153e-02 -2.230512367656833361e-01
-2.268648113648447651e-01 -2.987559862793665727e-02
-2.988449189343505424e-02 -2.274641399021524457e-01
-2.315136083899080599e-01 9.728576009490451371e-02
9.759443585950797195e-02 -1.630616839589752176e-01
-1.645304092411999097e-01 -1.188584991082298342e-01
-1.194230101692383972e-01 -1.036824235513619241e-01
-1.040563687255094405e-01 -5.058504985917081087e-02
-5.062826269586005734e-02 4.578884301235736781e-02
4.582088390155526075e-02 1.139756633600316760e-01
1.144730779269532706e-01 -2.913896580490333288e-01
-3.000841923017867341e-01 2.095065301056263027e-02
2.095371910715919384e-02 -1.835963921245014896e-01
-1.857020110618909647e-01 3.149917631509888682e-01
3.260774090208569675e-01 -7.965243734491331273e-02
-7.982153342798634088e-02 6.732776991647895781e-02
6.742978041269206968e-02 -2.307454700299964301e-01
-2.349767174874008158e-01 -8.600610604026245887e-02
-8.621911606015014717e-02 2.083750372324683353e-01
2.114720218965761289e-01 -2.425681102802772493e-01
-2.475009774079090508e-01 3.665060037502220203e-01
3.843809381387927604e-01 -1.614313861063040867e-01
-1.628560348496784216e-01 7.804764362133871647e-02
7.820669939489650890e-02 -1.909931881020812960e-01
-1.933677563462306292e-01 -1.156308668130293926e-01
-1.161503883823742644e-01 1.937651360712759063e-01
1.962462383169851221e-01 -1.394845391486974062e-01
-1.403998488571724934e-01 -1.796382416883400904e-02
-1.796575684562286279e-02 1.345416843110469884e-01
1.353624173277065412e-01 -3.508010187976949301e-01
-3.663568882012346872e-01 3.109675809347657799e-04
3.109675909583747844e-04 1.623809114311156598e-01
1.638311207688753213e-01 -1.175905528079588536e-01
-1.181370903358511804e-01 2.257851754412611434e-01
2.297437455034265774e-01 -1.443689935891916964e-01
-1.453847254239751807e-01 -3.873566643256804581e-02
-3.875505756034065830e-02 2.781857563614265061e-01
2.857145740646488408e-01 -3.715380900650103180e-01
-3.902063305375463864e-01 1.640652534334209600e-01
1.655615653393498199e-01 -3.394148737977324415e-01
-3.534310695604489516e-01 4.310263758201474116e-01
4.611565663837582374e-01 -4.093518425237255287e-01
-4.348323428129713397e-01 5.509425145022482651e-02
5.515009712598741703e-02 2.240807114983253967e-01
2.279484482769160714e-01 -5.865912612074946492e-02
-5.872654529187241318e-02 -2.062265806657696821e-01
-2.092270915139605447e-01 1.342427071715704689e-01
1.350579409582290946e-01 -1.247424082664790046e-02
-1.247488791214779180e-02 -2.437790307639865484e-01
-2.487880043485223847e-01 3.727575015838728301e-01
3.916217725443010833e-01 -2.066532783640960547e-01
-2.096727834725622686e-01 3.929191758899706378e-03
3.929211979425376033e-03 -4.453250965095894437e-02
-4.456198286130705344e-02 1.690065918083746843e-01
1.706438689283377996e-01 -1.479522852837963365e-01
-1.490462421124315318e-01 -4.488836175943391321e-02
-4.491854775502010511e-02 -4.378115194304262048e-03
-4.378143167706669003e-03 -1.099230143508507229e-01
-1.103689878729206403e-01 2.175107450510288254e-01
2.210417448981516486e-01 -3.180259323950551664e-01
-3.294493786766618526e-01 2.178052649033056787e-01
2.213509115242225378e-01 -3.727049121030456269e-01
-3.915606980759669953e-01 4.444614840633336339e-01
4.777769567007311147e-01 -1.841984494150271379e-01
-1.863251415640616304e-01 2.615922980036320955e-01
2.678169084483795759e-01 -1.848612794100683576e-01
-1.870113374290294506e-01 2.482864743868563873e-01
2.535858839922204844e-01 -2.792440466557304379e-01
-2.868619987416631822e-01 -6.718607376663641995e-02
-6.728744038842743302e-02 2.421427033168397636e-01
2.470490244630643428e-01 4.149959573714873812e-02
4.152344414737643014e-02 -2.657493890432325312e-01
-2.722846130025784461e-01 2.520987375022001875e-01
2.576527225584743230e-01 -1.054028562627942339e-01
-1.057958125510225361e-01 2.084265024412386147e-01
2.115258237680300579e-01 -8.078908100099171929e-02
-8.096553931179910346e-02 1.954031066680766426e-01
1.979486684322260270e-01 -2.176109983362082556e-01
-2.211469792110607457e-01 1.269095518715092630e-01
1.275975492914476206e-01 -2.327949640833797962e-01
-2.371425557435785370e-01 2.473510564005719781e-01
2.525892590500383728e-01 -1.460651130512992391e-01
-1.471173836204366925e-01 2.147603872831835570e-01
2.181566069385257878e-01 -3.569468443526254142e-01
-3.733825493062771228e-01 1.994601791297507531e-01
2.021703038204875624e-01 1.003389328339738540e-01
1.006777158635975833e-01 4.608722160742115270e-02
4.611989349965204404e-02 2.086992274886408649e-01
2.118109514343746724e-01 1.315930049280304159e-01
1.323605823667375059e-01 -1.297238314003024695e-01
-1.304589441984405906e-01 1.749515044642363515e-01
1.767699929277338489e-01 -3.535263763355581124e-01
-3.694680988254627207e-01 3.789349529453627241e-01
3.988154424226489358e-01 -3.693386874873214043e-01
-3.876571105913281245e-01 3.039230759619951372e-01
3.138362863247858292e-01 4.153765901901780924e-03
4.153789791524545305e-03 -2.960670949532880902e-01
-3.052033000423115539e-01 2.101421565693076254e-02
2.101730975012743724e-02 -6.275773358639606669e-02
-6.284031997347636067e-02 -8.547539143423486807e-02
-8.568447101095742757e-02 -2.200374697297165505e-01
-2.236954848670661411e-01 1.017278659015479619e-01
1.020809732636886735e-01 1.868752317806929852e-01
1.890973563178012795e-01 1.179143810051856422e-01
1.184654717557977049e-01 -1.950386129055870221e-01
-1.975697329863374818e-01 2.703629767973509887e-02
2.704288806696537178e-02 -1.491361465228800975e-01
-1.502568152672802693e-01 3.100078824346394479e-01
3.205541297975192938e-01 -4.102093634598167893e-01
-4.358629182350097775e-01 2.087236065138357299e-01
2.118364407874014643e-01 -1.857314941520561147e-01
-1.879124931947608879e-01 3.495982031751414532e-01
3.649859394896913245e-01 -4.304217311600466722e-01
-4.604141944574635659e-01 2.114937650746505915e-01
2.147345400480308031e-01 -1.327060144520420815e-01
-1.334933745238091884e-01 -1.979266206888757595e-01
-2.005737131030922160e-01 -1.031555407801579560e-01
-1.035237897505495858e-01 2.494439843061302675e-01
2.548198163306385489e-01 -3.801997751775286760e-01
-4.002931621038895438e-01 8.941515062541327552e-02
8.965459373555234590e-02 2.544478991112670285e-01
2.601629074039356615e-01 -2.576587658516279328e-02
-2.577158067755492415e-02 4.756496915815015131e-02
4.760088867551325043e-02 -7.718586762924511957e-02
-7.733970023211525491e-02 -7.810145915599817079e-02
-7.826084498133223377e-02 2.294207444140937691e-01
2.335779429651099748e-01 -3.297777150577054228e-01
-3.425788248898150590e-01 -7.604551041803933771e-03
-7.604697635249346721e-03 -3.816433693768690044e-02
-3.818288214416347415e-02 -2.257150006247670704e-01
-2.296698023124957855e-01 -3.089588320760794718e-02
-3.090571945453869651e-02 2.094519286885207776e-01
2.125980592031826710e-01 -3.030044170024523975e-01
-3.128244467064209555e-01 -7.988397526145409044e-02
-8.005455404804925901e-02 2.882314809138860623e-01
2.966364334074157449e-01 -4.198952080477046378e-01
-4.475647938611387322e-01 4.648449397640510017e-01
5.034740677827119759e-01 -2.689933616932251303e-01
-2.757783478644653119e-01 -3.782176361885109667e-02
-3.783981361217795408e-02 -1.184722464965616701e-01
-1.190312408644335906e-01 -6.271866816448219695e-02
-6.280110017923720700e-02 3.613904834203623267e-02
3.615479358573046864e-02 -1.130307573815350630e-01
-1.135158397949896092e-01 -5.083553041989469917e-02
-5.087938903771783289e-02 5.079508438450582031e-02
5.083883829237258178e-02 -9.070382787332113839e-02
-9.095380872724953547e-02 -1.531058457372402037e-01
-1.543192974781123494e-01 2.213820422999380755e-01
2.251089095633001524e-01 -1.498771874999297316e-01
-1.510147989172883065e-01 3.452801629757540347e-01
3.600750777779966882e-01 -3.097533333033955505e-01
-3.202725408016923736e-01 3.394757183940221301e-01
3.534998378532736019e-01 -1.785788354937613565e-01
-1.805143236712249133e-01 2.536946219180226669e-01
2.593576489531745910e-01 1.313578921553539280e-01
1.321213339949142695e-01 -1.080318737952976893e-01
-1.084551174347652414e-01 1.103873357151266554e-01
1.108390126025449868e-01 -1.600294503785389469e-02
-1.600431133520237997e-02 1.730202679466060212e-01
1.747784701514297212e-01 -3.505285415805948213e-01
-3.660462079376915479e-01 4.464767933871562899e-01
4.802912013494106125e-01 -4.410550159492149236e-01
-4.735398622399665247e-01 1.048099154101807540e-01
1.051962480800949229e-01 1.760729593675764704e-01
1.779270918726027495e-01 -1.138671000017493773e-01
-1.143630870986559050e-01 -2.185082066115210941e-01
-2.220889796750437906e-01 7.357838661393387159e-02
7.371159863151716118e-02 1.885250401196681413e-01
1.908074126802078163e-01 -1.093513722119256182e-01
-1.097903907988762029e-01 7.974482435263295643e-02
7.991451101749887098e-02 -2.183466729046977250e-01
-2.219193529857403091e-01 -1.097250078048067207e-01
-1.101685639504461633e-01 3.210199713910552033e-01
3.327838543086814038e-01 -9.445248543229142757e-02
-9.473487732881824552e-02 1.537922384089147609e-01
1.550222421428750219e-01 -3.531857248539214678e-01
-3.690788448985606873e-01 1.803949982108153383e-01
1.823909433129205226e-01 -3.041406387144823809e-01
-3.140760078241619513e-01 2.216792666214047192e-01
2.254214732081103456e-01 -2.486094650055255817e-01
-2.539301232634332273e-01 2.631882285653276976e-01
2.695308414556452092e-01 -3.671784755608919482e-01
-3.851579788781616109e-01 2.385975368573016731e-01
2.432864604450876433e-01 -2.953957663536840306e-01
-3.044676320288598470e-01 3.036900250298349979e-01
3.135795379187438781e-01 -2.808004781001858796e-01
-2.885508582871899597e-01 2.107947663704944630e-01
2.140029244964745392e-01 1.651116810874720953e-01
1.666371294496900024e-01 -8.242610978719219772e-02
-8.261354385595193195e-02 1.259173498875124607e-02
1.259240053277364824e-02 2.091062472059071753e-01
2.122365441763694460e-01 4.602471078410188404e-02
4.605724979950093917e-02 -3.293168123836495015e-02
-3.294359374555164144e-02 1.180178773189632241e-01
1.185704286506234217e-01 -4.002018492134069155e-02
-4.004157112209154323e-02 3.827387615197775511e-02
3.829258159656631633e-02 1.943790837308174146e-01
1.968842147331323067e-01 5.613358499537974416e-02
5.619265530257653435e-02 -2.561545512858335316e-01
-2.619885534067950550e-01 3.444401974416852474e-01
3.591217321502800375e-01 -2.959223602431783617e-01
-3.050446670376092961e-01 2.080151189558682168e-01
2.110957960334544636e-01 -3.588043581180722086e-01
-3.755129098565115897e-01 4.226793147146253316e-01
4.509496607922575118e-01 -4.047579568559274699e-01
-4.293260880998880369e-01 2.262729567422367138e-01
2.302577888485558832e-01 1.808808113353341518e-01
1.828931432593369766e-01 -5.614232505461367456e-03
-5.614291492710282716e-03 4.576258396910447973e-02
4.579456971914342561e-02 8.734745353552841873e-02
8.757061741023601520e-02 2.032625881267288367e-02
2.032905881747445326e-02 -2.607912595370661113e-01
-2.669572210644526877e-01 2.484711123838632962e-01
2.537826615989691170e-01 -9.517342694843286544e-02
-9.546235856778141626e-02 -1.254924955977582135e-01
-1.261575584614973433e-01 -8.112313284113178979e-02
-8.130179493795389178e-02 2.958784724478892292e-01
3.049965678160553861e-01 -2.989200460890422684e-01
-3.083332634782656179e-01 1.830008689764299756e-01
1.850857836452581839e-01 1.322274025550881638e-01
1.330062142058680841e-01 3.250950305501375953e-02
3.252096307179602741e-02 2.333206465996782442e-01
2.376984311724092969e-01 -7.549471323728340622e-02
-7.563863187108446628e-02 1.751739299088051482e-01
1.769994505508051819e-01 -3.627121522238291318e-02
-3.628713393953740540e-02 -4.612939416343140447e-02
-4.616215590452944773e-02 -1.066083301109665565e-01
-1.070149866392814675e-01 9.567648334485373204e-03
9.567940291027813432e-03 -1.088998434970763624e-01
-1.093334202890512141e-01 -1.499097792447822430e-01
-1.510481397662167824e-01 -1.104104523816167444e-01
-1.108624144892611935e-01 -1.251330552019544462e-01
-1.257923836143730323e-01 2.888324032799716723e-01
2.972919260060156166e-01 -3.055759277584749883e-02
-3.056710932673484260e-02 -1.083778170505121825e-02
-1.083820606125050594e-02 1.039465132319988827e-01
1.043233356285724889e-01 1.521478155181868464e-01
1.533384176304327662e-01 1.513892088204175750e-02
1.514007758868445713e-02 -2.879789122148440073e-01
-2.963610026885514781e-01 2.712638757466060979e-01
2.782275826684831865e-01 -1.095378068382256292e-01
-1.099790856347931389e-01 3.161854341785017564e-01
3.274031155608833621e-01 -3.133977149774547222e-01
-3.243087624674456104e-01 2.285810388554722905e-01
2.326917649180358649e-01 1.193188472586855786e-01
1.198899809605156880e-01 -3.499086198506475287e-01
-3.653396211441169439e-01 6.073791146047939626e-02
6.081276650483075086e-02 -1.396319169841726548e-01
-1.405501541131115584e-01 -1.857103829958902941e-01
-1.878906278534013818e-01 1.943924867949671786e-01
1.968981441311985769e-01 -2.425561355673808150e-01
-2.474882541016885373e-01 3.056651795036320896e-01
3.157568057711865883e-01 -2.864991879496536775e-01
-2.947482127369808191e-01 4.071734283318346748e-01
4.322182068069682082e-01 -2.030189546307421822e-02
-2.030468540990204573e-02 1.031625778737098320e-02
1.031662378058768176e-02 2.779638955316437454e-01
2.854741199746450575e-01 -1.642550930404990117e-01
-1.657566625360737400e-01 6.815505942178751164e-02
6.826088381606974786e-02 -1.018379928310697707e-01
-1.021922530254768119e-01 2.849012611327233491e-01
2.930082626570601478e-01 9.166217180631772501e-03
9.166473907349682870e-03 -1.078835319679220528e-01
-1.083050263152742498e-01 -2.183031307239641228e-02
-2.183378190101088398e-02 2.892182468155578001e-01
2.977129391505858869e-01 -2.121622029017388722e-01
-2.154343805139659063e-01 -5.697766658593130668e-02
-5.703944543515146459e-02 3.006052227733495563e-01
3.101848169978383973e-01 -1.447584061954570178e-01
-1.457824499465904533e-01 1.735731849572075269e-01
1.753485063665328192e-01 -3.253288130337221862e-01
-3.375952133240325836e-01 3.591987445707409132e-01
3.759656458963612780e-01 -9.949217659270760683e-02
-9.982242106015590255e-02 -2.077816821595006025e-01
-2.108518139023339844e-01 2.451418433907801009e-01
2.502374366427483343e-01 -1.674743310002435592e-01
-1.690669739967312069e-01 3.405066062195245546e-01
3.546654653722692840e-01 -4.361554685572146539e-01
-4.674732243657525044e-01 6.610028013690788518e-02
6.619680278664000217e-02 -7.394836258281828334e-02
-7.408359867012863365e-02 2.862286109612615093e-01
2.944534651844638584e-01 6.644144450209153729e-02
6.653947209961277864e-02 -1.039970560977733632e-01
-1.043744308403424664e-01 1.975967315133453361e-01
2.002303969384187365e-01 -1.954361464527969161e-01
-1.979830200656544081e-01 4.908567751316188221e-02
4.912515700706431010e-02 -2.133123072410067489e-01
-2.166390027688643583e-01 2.590120639143678183e-01
2.650491357805795367e-01 -1.991025210639354726e-01
-2.017978546553063357e-01 -6.391753219613519055e-02
-6.400479016939493448e-02 7.269620978114800514e-02
7.282467754195968979e-02 -2.415542680176333279e-01
-2.464240329568901100e-01 3.486713504982617007e-01
3.639304246117152641e-01 -3.308210969603850304e-01
-3.437499769433804975e-01 -7.487003300072107848e-02
-7.501040060599291348e-02 1.879895849224139381e-01
1.902522832270934494e-01 -4.312158011895190352e-02
-4.314833774950611184e-02 2.517238127637234646e-01
2.572523931967607980e-01 -2.411117707306487945e-01
-2.459541700824234289e-01 1.063664461575034581e-01
1.067703283664692832e-01 2.225295195747332699e-01
2.263158459574861059e-01 -2.966593396097421120e-01
-3.058525709388114633e-01 -1.516296997086679504e-02
-1.516413219927411488e-02 -1.940294884263050468e-01
-1.965209175607763592e-01 1.031022308388960113e-01
1.034699067328243988e-01 -2.016784193060074115e-02
-2.017057696653718618e-02 -2.197338973182146327e-01
-2.233764890984968610e-01 2.090803335241287753e-01
2.122094457513363508e-01 -2.129071425677631635e-01
-2.162145617808500786e-01 4.797260190279441228e-02
4.800945371280429530e-02 7.159602416324127583e-02
7.171873531207503816e-02 1.879291534711655665e-01
1.901896386218241974e-01 1.452974437351076675e-01
1.463330687199004276e-01 -7.628507438618466197e-02
-7.643357133810599335e-02 5.014471896812634777e-02
5.018681200425854916e-02 -2.174514662537014864e-01
-2.209795231338458066e-01 1.875724500158506280e-01
1.898199018047958819e-01 2.716857634637156668e-02
2.717526396946778888e-02 -1.828211260000881314e-02
-1.828414985311994229e-02 1.725599598750398866e-01
1.743039959683202467e-01 1.299556840930287116e-01
1.306947725725596254e-01 1.225635426872113826e-01
1.231828433997670669e-01 1.304448884975817347e-02
1.304522880301397375e-02 2.591993330393241868e-01
2.652498821681897878e-01 -1.042957423340389565e-02
-1.042995242060740235e-02 -1.931944247248679192e-01
-1.956533318386340647e-01 2.794169340989452466e-01
2.870495174291384233e-01 5.819054322237508792e-02
5.825635741665811940e-02 -3.138397549886088322e-01
-3.247990228930265344e-01 1.314465111245111117e-01
1.322115099914593916e-01 1.981032842866669863e-01
2.007575863572858277e-01 1.055692596282428036e-01
1.059640883738573597e-01 -1.587181495342676052e-01
-1.600714442309888741e-01 7.494483391392399441e-02
7.508562360477445685e-02 2.174086945511629620e-01
2.209346290245785271e-01 8.817858787426597483e-03
8.818087341215731512e-03 -2.685019443219928137e-01
-2.752486746736153012e-01 1.348300561318976909e-01
1.356561169451067639e-01 -3.066310139147093716e-02
-3.067271689604662149e-02 1.540635072100297875e-01
1.553000943169300929e-01 1.213168440228301892e-01
1.219173270795957387e-01 -3.892657424781194309e-02
-3.894625367235562963e-02 -2.281745776779982582e-01
-2.322629376361163289e-01 3.831494381997248011e-01
4.037457931024497904e-01 -4.587583754681788806e-01
-4.957375601155782907e-01 4.023664490602511523e-01
4.264693171647824244e-01 -1.635145697887626925e-01
-1.649957011641116078e-01 3.191217203971166705e-01
3.306689391764221497e-01 -2.396520583631172041e-01
-2.444049373364136357e-01 1.394362789592484275e-01
1.403506314278057387e-01 -1.673038285670024050e-01
-1.688915565225584114e-01 6.863145540828799462e-02
6.873951869231514911e-02 3.467374047970011447e-02
3.468764622490370930e-02 -1.768067136228990976e-01
-1.786844226425125803e-01 3.657675242004699290e-01
3.835281350437699244e-01 -2.439405230318500151e-01
-2.489597073826224083e-01 3.405607563445886554e-01
3.547267186191445654e-01 -1.587223490609973309e-01
-1.600757522867660987e-01 -1.067442156200967135e-01
-1.071524363020427417e-01 2.899260881905513232e-01
2.984855669903209163e-01 -4.029052131101713008e-01
-4.271123224355951042e-01 1.178926579170044495e-02
1.178981202131378081e-02 9.342843475727968805e-02
9.370170904646844823e-02 2.150170765968050790e-01
2.184257232843872798e-01 -3.071185442811772415e-01
-3.173607420245261879e-01 -3.401715112326946650e-02
-3.403028141086870961e-02 2.449602262044702772e-01
2.500442165897218127e-01 -3.768674960299668864e-01
-3.964035422088701410e-01 -1.273007918975100489e-02
-1.273076691392703574e-02 7.334548656095914165e-02
7.347743487619608216e-02 -2.294289927274238694e-01
-2.335866495565895040e-01 1.795473467389192279e-01
1.815149176403434428e-01 -1.359006333525758781e-01
-1.367466774650115957e-01 1.802816101956218331e-01
1.822737437444750808e-01 1.012970856581401485e-01
1.016457076961623379e-01 -2.301159943574471178e-01
-2.343119433991566192e-01 4.000955801340750906e-01
4.237627212471176685e-01 -2.802661002967595238e-01
-2.879708331062497129e-01 -7.245238647595776682e-02
-7.257956321130307198e-02 2.406420174715348248e-01
2.454554820981796337e-01 -5.841385439862716716e-02
-5.848043025021650021e-02 -4.155201106988644366e-02
-4.157595002085269498e-02 1.899424376111722157e-01
1.922774516806157463e-01 -3.156585940506533849e-01
-3.268178633061622484e-01 2.645519239894201791e-01
2.709965937191854968e-01 -1.936908261620397531e-01
-1.961690307674004430e-01 2.590112795134090207e-01
2.650482949722752779e-01 1.184543233342552765e-01
1.190130625964969935e-01 8.444580998390102677e-02
8.464740359883846099e-02 1.983737920379765318e-01
2.010391595185428981e-01 -1.256065609247142278e-01
-1.262734505591051604e-01 9.212720007255910046e-03
9.212980661307035996e-03 2.665007957842948638e-01
2.730932925531749933e-01 5.713028465791231136e-02
5.719256192551643025e-02 -6.188600359784397764e-02
-6.196519091398065837e-02 -1.421041319980449469e-01
-1.430724218938657089e-01 2.207879089213069662e-02
2.208237954667679331e-02 2.255229273536431267e-01
2.294674273630021855e-01 -3.557182732921932988e-01
-3.719752947894027217e-01 -2.509071845279869234e-02
-2.509598568087460790e-02 1.643538704233481751e-01
1.658581804940225113e-01 -1.818048251690982109e-01
-1.838485768106907503e-01 1.121283030037335537e-01
1.126018006825864753e-01 -3.033600888832790887e-01
-3.132161210989514721e-01 1.824388298109310969e-01
1.845043317949241202e-01 -3.457270178251389825e-01
-3.605825056968525733e-01 3.620317688509869791e-01
3.792221619586380599e-01 -1.135778687359076250e-01
-1.140700662496167139e-01 -1.357267526055986329e-01
-1.365695291533134403e-01 -6.473814732366492408e-02
-6.482881521806638236e-02 -8.587890081309254575e-02
-8.609096428922635713e-02 -1.541424345053933886e-01
-1.553809415502544478e-01 -1.009046684678815455e-02
-1.009080932981817891e-02 -6.123547155658377178e-02
-6.131218413360492447e-02 6.740943102060319159e-02
6.751181382784131324e-02 -1.758035827969159012e-02
-1.758216979686862483e-02 6.454578720762169097e-02
6.463564793571531519e-02 -1.138148414589347374e-01
-1.143101424049546289e-01 1.285364017505166712e-01
1.292513787418708149e-01 1.378416442200007530e-01
1.387247455520960737e-01 1.262232111169050430e-01
1.269000349919906512e-01 -3.252090048291910174e-01
-3.374612296666547606e-01 4.301917228510326874e-01
4.601319189108251662e-01 -2.713745747497275582e-02
-2.714412213761963066e-02 -3.365471530109696678e-03
-3.365484236420078143e-03 1.537819770217562776e-01
1.550117321903523027e-01 -4.710751409595558686e-02
-4.714240627467110312e-02 2.399568368800488738e-01
2.447283118894841569e-01 6.468105445049905644e-02
6.477148227278262116e-02 -2.428808339254889537e-01
-2.478332786398655396e-01 2.501008609928634819e-03
2.501013824587894341e-03 2.487879293972053985e-01
2.541203536003046048e-01 -2.610840484562779173e-01
-2.672714020884197073e-01 8.713006650835505851e-02
8.735156324829482233e-02 -1.583259667808642468e-01
