-2.869978081527116975e-01 7.160510690086237251e-02
7.172786485357784958e-02 2.851279868813051954e-01
2.932550345077066800e-01 6.836469778965602317e-02
6.847150354862852062e-02 3.090647757966463738e-02
3.091632395264992672e-02 -6.055264140900855629e-01
-7.018273917350200675e-01 5.924554402240781448e-01
6.814410650938766967e-01 -1.544684017555167654e-01
-1.557148594427597565e-01 -6.728095123342121842e-02
-6.738274868167119791e-02 -1.181466270127013024e-01
-1.187009989407213917e-01 4.065948507849076465e-01
4.315248389088973680e-01 -4.605288421924023656e-01
-4.979822737476221062e-01 -2.597414854391973463e-02
-2.597999211799728592e-02 4.657485194377255361e-02
4.660857282769659271e-02 8.515921971809878310e-02
8.536598098964778836e-02 -2.577221190523525385e-01
-2.636669230606810688e-01 3.815372140124730360e-01
4.018575297715704653e-01 1.975131614322653828e-01
2.001434328256365414e-01 -2.609808045310319513e-01
-2.671606089480612622e-01 -6.402901871941658885e-02
-6.411673483529189976e-02 3.523869824740486489e-01
3.681665612516907826e-01 -7.912853245430537252e-02
-7.929430548686283720e-02 -3.168277991072967481e-01
-3.281169943607632478e-01 2.904409150683409102e-01
2.990477317959048253e-01 7.290472442327083913e-02
7.303430318146419964e-02 -4.384001529472655312e-01
-4.702485948396539772e-01 1.828142764789025265e-01
1.848927325892334439e-01 -3.132564948025254314e-01
-3.241521688943226343e-01 7.017817738539066097e-01
8.708027812145944235e-01 -7.441690734161225951e-01
-9.597583811384257091e-01 1.760009583403412681e-01
1.778527882495478663e-01 2.245204591665967975e-01
2.284114920341338562e-01 3.182669601867544884e-01
3.297175500114947755e-01 -4.749762416719666702e-01
-5.164768228886515988e-01 4.792663299143124500e-01
5.220313998097225738e-01 -1.426236107056488012e-01
-1.436026469354940160e-01 2.567930662968887293e-02
2.568495340494292289e-02 2.225183695091073333e-01
2.263041150117225953e-01 -6.739309889248363827e-01
-8.179104877837950482e-01 7.466635118988048658e-01
9.653720424573891679e-01 -1.899252841154875915e-01
-1.922596562158249700e-01 1.904340081222022363e-01
1.927874703753345298e-01 -1.184306659485306751e-01
-1.189890686081170879e-01 1.449279842730716583e-01
1.459556619344239692e-01 -5.751032877662528575e-01
-6.551150096470146345e-01 1.926519877860620178e-01
1.950899252492209746e-01 -8.500857156727489872e-02
-8.521423430340177574e-02 -2.251862158218250198e-01
-2.291127011698682048e-01 5.344543164416920566e-01
5.963599360278442063e-01 -5.978687732343687111e-01
-6.898237667426639907e-01 -1.898722498696189462e-02
-1.898950720529996028e-02 5.804980179476305624e-01
6.632135134475261040e-01 2.669591985516259550e-02
2.670226438107375921e-02 -8.413991441676357819e-02
-8.433931899985153136e-02 1.226790132437187986e-01
1.233000766733123033e-01 -1.997440394149261333e-01
-2.024659426553981900e-01 3.367361814907631201e-01
3.504067045206798459e-01 -3.768219537195773294e-01
-3.963504618539306357e-01 5.234891724712954497e-01
5.811340227573946748e-01 -7.126307751001332846e-01
-8.925090227017498101e-01 6.614573928349589682e-01
7.954002443687067103e-01 -2.635944675442705720e-01
-2.699673642093964321e-01 2.299752626808076322e-02
2.300158191334671781e-02 1.514473197336373422e-01
1.526213999323880743e-01 1.206825204010010255e-01
1.212735783593932026e-01 5.021952916233211189e-02
5.026181106455140934e-02 -5.684093354126100728e-01
-6.451698096090008328e-01 1.006778370145983426e-01
1.010200785736264928e-01 -2.480165244619543519e-01
-2.532982199533174161e-01 7.763618868944230367e-02
7.779273610278492068e-02 7.086666418821693791e-02
7.098565572816872837e-02 3.941680920038289071e-01
4.167252992509613563e-01 -2.872197549918917292e-01
-2.955333908410179844e-01 3.460949776633546193e-01
3.610004777446138569e-01 -2.831496442905106492e-01
-2.911029420729525641e-01 1.433518240638232688e-01
1.443460597668834722e-01 -4.335526056586490595e-01
-4.642633833381578645e-01 5.952498461624404769e-01
6.857578368377852396e-01 -1.209925517760803981e-01
-1.215882038067228610e-01 -3.696744311794025739e-01
-3.880459436487335712e-01 8.642740487133224181e-02
8.664357000345868087e-02 -1.520145641704141737e-01
-1.532020113849035525e-01 5.174662847513648023e-01
5.728732552796353961e-01 -1.375826538608629912e-01
-1.384607485849839170e-01 -6.721103490127441904e-02
-6.731251474999988549e-02 -3.173360225910252241e-01
-3.286820267484565905e-01 -3.308757739415264798e-02
-3.309965995696101393e-02 -1.697063193560419958e-01
-1.713642584391816825e-01 -4.575374448601522703e-02
-4.578571168902567656e-02 9.199012457233900208e-02
9.225092913411570006e-02 -1.345872494893515792e-01
-1.354088227975075998e-01 4.082691017191788507e-01
4.335323370062840187e-01 -2.721407500390112810e-01
-2.791743493930505804e-01 1.332804627005123310e-01
1.340781661162541438e-01 1.161050156897049934e-01
1.166309895213719916e-01 5.576845244494524345e-02
5.582637610495125302e-02 5.376714144277107074e-03
5.376765957084111980e-03 -3.425493344290864162e-01
-3.569779230006791537e-01 5.331099133101777632e-01
5.944798524608603252e-01 3.700472725872419599e-02
3.702163195574320609e-02 -4.995702558562218343e-01
-5.487333161927043790e-01 -1.942151695020732372e-01
-1.967138697467574748e-01 6.868108648369247726e-01
8.418938446017635302e-01 -8.246390960821846361e-02
-8.265160236752222556e-02 -6.641644542749850499e-01
-8.002284271470005983e-01 3.422244624056092893e-02
3.423581580394052803e-02 6.252007616871868567e-01
7.334980573369258572e-01 -5.567098311645677366e-01
-6.280526130657260175e-01 6.136557719132027522e-01
7.147643975130647531e-01 -6.275954580645002334e-01
-7.374391419165777783e-01 6.361210010707195606e-01
7.516310420567533512e-01 -6.982865473428454539e-01
-8.639486868714216783e-01 2.548399224413863129e-01
2.605821135431264923e-01 5.475575116887102523e-01
6.148862553590220825e-01 -6.518593647696673266e-01
-7.785251489045315054e-01 2.697350233202379030e-02
2.698004689138705503e-02 5.868291244974822574e-01
6.728158965874435626e-01 -6.764939471939409588e-01
-8.226210656886258077e-01 6.411851255063510946e-02
6.420659759340185957e-02 1.580232529062009228e-01
1.593586702891867102e-01 2.492509976692884044e-01
2.546140354364296865e-01 3.443362174552746374e-02
3.444724045544839131e-02 2.021442589147719182e-01
2.049671590522055276e-01 -2.997927346977331542e-01
-3.092918556926267937e-01 -6.156961476032730279e-02
-6.164759191920179265e-02 -3.192636971949168456e-02
-3.193722380097122060e-02 4.351899462245012451e-01
4.662814997631872238e-01 -1.658357752615105540e-01
-1.673816086580997564e-01 2.483166600742222896e-01
2.536180530180363046e-01 7.967710811989238417e-02
7.984636177547854707e-02 -5.477248579123136230e-01
-6.151252909579169037e-01 3.199559672654951337e-01
3.315980533983945433e-01 2.512514956321761431e-02
2.513043851064851453e-02 -4.340599011271604746e-01
-4.648882760599705177e-01 -7.440206071244005737e-02
-7.453980684781735810e-02 6.413831115208256106e-01
7.605199352095657339e-01 -4.053891793971538537e-01
-4.300812154520809449e-01 1.399615030413736139e-01
1.408863097026673006e-01 -2.516547673362312318e-02
-2.517079119552842470e-02 2.180527584380015926e-01
2.216107453630824509e-01 -5.479807504205187474e-01
-6.154909262264306458e-01 4.873745647211689680e-01
5.326111873984744616e-01 -2.446210868080039291e-01
-2.496834597496057906e-01 4.415145009397428710e-01
4.741104612779271088e-01 -3.767063813781200698e-01
-3.962157698098210390e-01 4.825100591767370606e-01
5.262509146001778104e-01 -5.358877984843648523e-01
-5.983687632862060291e-01 6.212417888291089652e-01
7.270248173270421610e-01 -1.215761275109107503e-01
-1.221804920549637297e-01 -2.098869710010470846e-01
-2.130531059613342548e-01 -1.701400252102648336e-01
-1.718108594059604977e-01 3.919832901750740922e-02
3.921842374127496034e-02 3.419985085068050767e-01
3.563540040527273800e-01 -2.321655859796162014e-01
-2.364772180546792502e-01 -1.098906919416483413e-01
-1.103362702506616444e-01 2.478990569847251968e-01
2.531730570786235313e-01 5.984421461435065343e-02
5.991580914711938655e-02 -5.976347328666090641e-01
-6.894596108692453429e-01 1.068231148645805567e-01
1.072322455920442508e-01 -7.450133300325309516e-02
-7.463963247768745646e-02 9.673914875766893851e-02
9.704263124506062876e-02 1.429798420516282531e-01
1.439662938955640903e-01 3.269044650608217695e-01
3.393583825755858152e-01 -4.349733189230152175e-01
-4.660142908796460204e-01 -2.316653153658431441e-01
-2.359485110388167828e-01 4.130005720561090166e-01
4.392234711254561219e-01 3.833614005034965966e-01
4.039942499164734802e-01 -5.654545010575002806e-01
-6.408154109834054424e-01 6.336803346713961727e-01
7.475421339603396387e-01 -7.093275801149854232e-01
-8.858292079659952911e-01 1.580166611792148124e-01
1.593519097494490167e-01 4.358442989214821317e-01
4.670890188268334020e-01 -2.903857392556443151e-01
-2.989874738325478121e-01 3.206997952770749838e-01
3.324269327341256020e-01 8.275468510291279778e-02
8.294437583715663642e-02 -5.142002792362193597e-01
-5.684231341548309224e-01 4.792343315859034503e-01
5.219898607545878644e-01 -1.581860728958588147e-01
-1.595256646514237042e-01 2.932964418249838778e-01
3.021691682901470055e-01 -4.053382430458534746e-01
-4.300202634903523280e-01 -2.757656898784662247e-01
-2.830934228142825693e-01 4.651210714166328919e-01
5.038263705345442656e-01 2.612777224803828346e-01
2.674792548865482233e-01 -7.296238155115778445e-01
-9.279224754961474808e-01 2.987824297419813258e-01
3.081821509602320486e-01 -2.332432434969703219e-02
-2.332855539576123016e-02 4.003133639271282962e-01
4.240220381806292238e-01 -4.562577701060674951e-01
-4.925749802721878234e-01 6.238452287714990087e-03
6.238533219563580090e-03 3.580959138170615175e-01
3.747000201479313009e-01 -5.853254668149611151e-01
-6.705255259580898963e-01 1.552650217386635501e-01
1.565310548579929573e-01 1.590022934179633196e-01
1.603629445859525160e-01 -1.032624839051068943e-01
-1.036318843096840636e-01 -9.595021603566759524e-03
-9.595316073261916934e-03 -2.503252696843828451e-01
-2.557597963238664729e-01 2.356070563135115592e-01
2.401178453618316722e-01 3.465067166408932198e-01
3.614683227003008259e-01 -3.932812193963798331e-01
-4.156757219984370533e-01 2.595180687973998590e-01
2.655916045473110665e-01 -4.280129199541248819e-01
-4.574613933266043486e-01 -5.984020329535467281e-02
-5.991178341160230403e-02 6.379034192498036493e-01
7.546306630868059306e-01 -5.645136752451982431e-01
-6.394334547457922735e-01 1.330498663116001234e-01
1.338434067474869038e-01 4.478911239840066005e-01
4.820590567562537121e-01 -2.012452148471141622e-01
-2.040299901615423850e-01 1.256956458294185841e-01
1.263639645163124603e-01 -5.334690289252817796e-02
-5.339759598988516598e-02 -4.876184428099998858e-01
-5.329310916436378331e-01 7.104543984915024923e-01
8.881007707681342067e-01 -1.250284514018798199e-01
-1.256861172563179530e-01 -5.337352306025077153e-01
-5.953538594657394878e-01 5.785658458309090868e-01
6.603042369674622103e-01 -4.438612291309391167e-01
-4.770291810610651773e-01 3.456226296056823521e-01
3.604639512816770752e-01 -5.139933865098721411e-01
-5.681419169761176002e-01 4.031509952287671839e-01
4.274057696772753379e-01 -4.710174820234820370e-01
-5.113771104851418947e-01 4.093350432770178626e-01
4.348121620333778581e-01 -3.748710715208697364e-01
-3.940786627543207965e-01 2.401464049896432362e-01
2.449294717952885669e-01 1.461498818866242555e-01
1.472040015228998910e-01 1.973943965214300378e-01
2.000198496545985971e-01 -5.959932107872910612e-01
-6.869099206530653312e-01 6.753828093016469580e-01
8.205751738490686398e-01 -5.219190551094521346e-01
-5.789736474188518223e-01 5.108841913756677622e-01
5.639255133756879701e-01 -3.604777036594085660e-01
-3.774348420321350095e-01 4.189145553346597661e-01
4.463748248876999725e-01 -2.167379883460631429e-01
-2.202307556881256678e-01 -7.605106379574314013e-02
-7.619819519427269150e-02 -1.711148705928058344e-01
-1.728149373270091993e-01 5.811006497494626277e-01
6.641229101984291727e-01 -2.039365897880044409e-01
-2.068365572254305951e-01 -3.227865870513125235e-01
-3.347546923483476489e-01 -1.468219505157735971e-01
-1.478908077531775889e-01 5.292017944913445238e-01
5.890358057526772217e-01 1.151864301512244698e-01
1.156999522840276851e-01 -5.788793324625081116e-01
-6.607755886327514316e-01 6.394684282597937752e-01
7.572739043170635398e-01 -6.881580327779636130e-01
-8.444483739571893022e-01 7.211142394100639175e-01
9.099624679794195981e-01 -2.650251965036730661e-01
-2.715055507400625512e-01 -2.906403305720524077e-01
-2.992655327155273604e-01 6.624024625478806827e-03
6.624121510356184572e-03 2.973781535103880991e-01
3.066409344199088061e-01 -1.108901401359135841e-01
-1.113480481026802582e-01 3.469204274010006528e-01
3.619385609526484804e-01 -1.426634526287223481e-01
-1.436433163666936408e-01 -1.529995248361044891e-01
-1.542104262549091054e-01 4.078971388576089763e-01
4.330860537700623736e-01 -3.305932526198850363e-01
-3.434941539473925221e-01 3.329989359824968576e-01
3.461974404113589143e-01 -1.711471437710179733e-02
-1.711638571418033772e-02 1.289157400650711716e-01
1.296371087626117524e-01 -6.747807559503129493e-01
-8.194689958773662131e-01 5.260327235540975810e-01
5.846441866715751390e-01 -2.409161478413298918e-01
-2.457464831288945495e-01 6.037478090581344797e-02
6.044829941939841578e-02 -5.268894918281327722e-02
-5.273778760037947655e-02 3.660984562740217108e-01
3.839102326491868333e-01 -4.939686113844773963e-01
-5.412963277443656462e-01 2.361713764742509325e-01
2.407154166320477628e-01 -3.095870913403837577e-01
-3.200886660511177984e-01 6.267437504959515182e-02
6.275663226748190437e-02 3.377058833911813496e-01
3.515008281260378897e-01 -5.407605870929564906e-01
-6.052298951921789572e-01 1.192404049512566372e-01
1.198104064970837990e-01 2.663091308014390313e-01
2.728869856366135660e-01 -4.989430886811669907e-01
-5.478979205558426324e-01 9.867777838382940647e-02
9.899994790007798917e-02 5.851204927437522185e-01
6.702137849842972894e-01 -9.387731853164865692e-02
-9.415456476339439940e-02 -3.997582862110503066e-01
-4.233612087922594136e-01 8.988457862030881096e-02
9.012782514675563017e-02 4.999329816637079760e-01
5.492167905443225973e-01 -7.385459580988351647e-01
-9.472729332583036399e-01 5.569928315221425175e-01
6.284628081057859195e-01 -1.084170707289823649e-01
-1.088448794755867421e-01 2.243948868329571911e-01
2.282792575627216602e-01 1.612897546110982350e-01
1.627106170776951299e-01 -5.017956263879312928e-01
-5.517031868986977949e-01 1.870794183435094682e-01
1.893089399554744312e-01 1.788702668291176912e-01
1.808153712095045829e-01 2.655008920346880186e-01
2.720172518688491747e-01 -5.131988927960091929e-02
-5.136501487201200478e-02 -1.586731077918168975e-01
-1.600252388379310164e-01 2.413471053782672848e-01
2.462040453856141065e-01 -6.458891482386854843e-01
-7.682130140679701569e-01 3.387958517824473104e-01
3.527316155872241565e-01 -4.402368732478416091e-01
-4.725245840255956065e-01 1.493903057379512289e-01
1.505167660603473623e-01 3.595998578636216969e-01
3.764262551036284821e-01 1.847262582782188967e-01
1.868715424758468913e-01 -2.191963935702311572e-01
-2.228117864597700115e-01 1.153976557852259416e-01
1.159140234068575248e-01 -4.999358727452002382e-01
-5.492206449826726455e-01 5.341747052479126623e-01
5.959686021323049587e-01 -3.146264036293658362e-01
-3.256718573967770647e-01 2.510038618406462696e-01
2.564838849783280805e-01 -3.443912936435431504e-01
-3.590662465248425916e-01 3.015994608591165416e-01
3.112781825999689223e-01 -2.148763066074234895e-01
-2.182781343803282537e-01 1.689620183380991514e-01
1.705979852167640309e-01 -4.161106798221181347e-01
-4.429789951457913655e-01 2.686784540454073000e-01
2.754389079591246237e-01 -1.055330783640425207e-01
-1.059274994708818696e-01 3.446311410387983276e-01
3.593383946307496801e-01 -7.092763776753589766e-02
-7.104693733373801390e-02 2.513497231615597904e-01
2.568530359584372258e-01 -2.481371062974641328e-01
-2.534267092936698385e-01 -2.331537754111418781e-01
-2.375219600240894846e-01 4.594619921015047348e-01
4.966290968681733586e-01 -3.376729646948782304e-01
-3.514636724092561892e-01 -2.235862745779272354e-01
-2.274279327711439258e-01 5.047518081928057398e-01
5.556621087912858581e-01 -6.059329263539857680e-01
-7.024694983664765413e-01 1.061574328702906411e-01
1.065589280304621855e-01 4.701734539586667205e-01
5.102929936705331571e-01 -6.551670013953407590e-02
-6.561068443597312116e-02 7.597437711792058568e-02
7.612106285084724311e-02 -4.298288644460670493e-01
-4.596867436498012771e-01 5.714881878792209546e-01
6.497300179397429432e-01 -2.027844214810686219e-01
-2.056346847303311964e-01 1.851174712489783436e-01
1.872766070806434202e-01 -1.098657795833573175e-01
-1.103110534441477109e-01 -7.246849621492405802e-02
-7.259575798116085776e-02 -4.148051925152905217e-01
-4.414011657099185526e-01 5.488030655003742764e-01
6.166668948697714425e-01 -1.333358065072833831e-01
-1.341345112354644931e-01 -3.159931825862884458e-01
-3.271895234571486899e-01 4.409317724810506989e-01
4.733868645116192653e-01 -2.428185947139125389e-01
-2.477671387640196232e-01 7.194615208901625203e-02
7.207067611997602929e-02 -1.927856815165270576e-01
-1.952287759720308102e-01 -2.210958341050350828e-01
-2.248079714479673530e-01 7.855795125302628135e-02
7.872015520402531052e-02 4.546232470416022853e-01
4.905126818350540319e-01 -5.125823215967166835e-01
-5.662261022804896404e-01 -1.777759250636515576e-01
-1.796850872745353600e-01 7.424193135840219115e-01
9.558484101315479764e-01 -6.991783973796537044e-01
-8.656913554207218420e-01 5.138523000534059859e-01
5.679501930232810913e-01 1.793770515628444473e-01
1.813389553008645516e-01 -2.817193172853699190e-01
-2.895486282878998452e-01 2.761261445822278393e-01
2.834835870259495016e-01 1.727515346622748027e-01
1.745014570731637238e-01 -7.749640493759049620e-02
-7.765210624689528052e-02 -2.421058654008164113e-01
-2.470098924662371687e-01 -1.327354752702123164e-01
-1.335233635933270324e-01 1.212199760478653021e-01
1.218190132994168007e-01 3.033346475995970515e-01
3.131881014584310119e-01 -6.055806657522748437e-03
-6.055880686935577462e-03 4.674619261498159928e-02
4.678028735694761409e-02 -2.041457740706688340e-01
-2.070548287652484443e-01 -5.948831405776148357e-02
-5.955863703143690624e-02 -1.562470767460442667e-01
-1.575375269128914402e-01 -3.015563626971159428e-01
-3.112307725281016069e-01 6.205358908304131615e-01
7.258760759820132025e-01 -5.421343407345800003e-01
-6.071734253606163589e-01 1.377233771660638373e-01
1.386041898664294725e-01 4.281051502262424591e-01
4.575743146932714223e-01 -6.811199508004802672e-01
-8.312002384607826144e-01 7.368296008741873626e-01
9.435074669802885339e-01 -7.631593023759710714e-01
-1.003737391899896192e+00 7.578283124148772476e-01
9.910937426442668619e-01 -5.137286167605855658e-01
-5.677821494917536516e-01 -2.215180299105246886e-01
-2.252519099290323512e-01 5.024105137775527474e-01
5.525253470950992618e-01 1.169693964532611263e-01
1.175072710522099828e-01 -4.016984850610835767e-01
-4.256725757082032158e-01 3.388542340093109173e-01
3.527975694799271311e-01 2.455060351140887775e-01
2.506249504378052495e-01 -6.104412228622840830e-01
-7.096243569491507142e-01 6.006898963203145536e-01
6.942258416325460813e-01 -5.378058995026823164e-01
-6.010635025595332248e-01 2.185516026668942180e-01
2.221345520539267371e-01 -2.094079085467387968e-01
-2.125520197290436397e-01 1.701049705361908637e-01
1.717747599536529057e-01 -4.603212288288516807e-01
-4.977188079474608728e-01 2.844741356748117234e-01
2.925434668434900298e-01 4.966297462741744301e-02
4.970386492564549119e-02 1.621622450406745852e-01
1.636065407210010869e-01 -9.736959961194261229e-03
-9.737267693863321805e-03 -1.902563285002256341e-02
-1.902792894800245382e-02 -2.565904997860746217e-01
-2.624551712475263754e-01 5.947736218665506946e-01
6.850206029900074434e-01 -5.362617944400887016e-01
-5.988935787149034518e-01 -5.532052065583958900e-02
-5.537705807675871728e-02 3.008135215579645916e-01
3.104138239997355497e-01 1.230582808600641648e-01
1.236851577497485588e-01 -6.239316201428960484e-01
-7.314172129172972214e-01 2.994618310329789646e-01
3.089283145705615796e-01 4.214445350991762873e-01
4.494472463110609772e-01 -3.533937322847803264e-01
-3.693165170560399058e-01 -6.097836528876844804e-03
-6.097912110422210041e-03 4.803844925907675423e-01
5.234839980297529838e-01 -6.985367034197764724e-01
-8.644370619883254836e-01 5.460968337262864791e-01
6.128024885253235965e-01 -3.703823419489721824e-01
-3.888661592155456259e-01 -2.115617225322957984e-01
-2.148056806184225065e-01 1.108972614819705160e-01
1.113552581132136177e-01 3.375780196626948504e-01
3.513565120650513074e-01 -5.824795445786687953e-01
-6.662073449031523653e-01 5.345420432252945275e-01
5.964827490579663882e-01 2.428582231861245444e-01
2.478092505914578358e-01 -1.357898168298161123e-01
-1.366337774945193262e-01 -3.605121213732779273e-01
-3.774744006485920567e-01 -1.343240963576081970e-01
-1.351408247067201474e-01 2.852957230708086933e-01
2.934376235499038255e-01 -1.592237935273158322e-01
-1.605901980636730841e-01 5.284301116130692977e-01
5.879645500250296752e-01 4.139194186344053589e-03
4.139217825426422248e-03 -4.676701460983281877e-01
-5.070840822361901701e-01 -1.535395764939706531e-01
-1.547634697799860626e-01 6.279668345017861419e-01
7.380520847815599250e-01 -1.992023055052245528e-01
-2.019017601641230342e-01 -2.000048797120672905e-01
-2.027376370926531335e-01 -8.978790047134042884e-02
-9.003036040363250614e-02 8.535982156717139557e-02
8.556805172918044433e-02 3.926130939770278161e-01
4.148855950225148193e-01 -6.267096315372052695e-01
-7.359790190684362132e-01 6.188669601388514518e-01
7.231666380213002121e-01 -7.025940463107283041e-01
-8.724051118330282684e-01 7.380290993327052185e-01
9.461368086234992480e-01 -4.687778626536238114e-01
-5.085028382573386629e-01 -1.526902956894299057e-01
-1.538938002253964488e-01 -2.285582609530389941e-01
-2.326677314068009150e-01 4.756802680090949642e-01
5.173863436549768213e-01 -4.070453307848495017e-01
-4.320646608530987476e-01 4.051390505230947903e-01
4.297819326694358733e-01 -4.000425450471582489e-01
-4.236995800854535532e-01 -1.347354978544388904e-01
-1.355598091010439266e-01 3.624393279950803293e-01
3.796912756787935717e-01 -3.234536122071071662e-02
-3.235664845399960354e-02 -9.953995651328950700e-02
-9.987067889972811585e-02 2.868511224904888093e-02
2.869298384676849389e-02 1.237269299875213974e-01
1.243641449838117502e-01 -7.896842601896526814e-02
-7.913319230936878557e-02 -3.533345760526095392e-01
-3.692489202680719895e-01 7.932038794583425034e-02
7.948737276870754265e-02 -1.184490986130421336e-01
-1.190077635250303967e-01 4.769688990251159111e-01
5.190531483333062912e-01 -2.450603431192082682e-01
-2.501507273497103889e-01 -3.021765304811651828e-02
-3.022685540264676701e-02 3.592092394550850387e-01
3.759776955126685749e-01 -4.608461118223791675e-01
-4.983850192516241506e-01 3.177956338819955540e-01
3.291931876336618434e-01 -5.041210928829793492e-01
-5.548161285562350775e-01 5.981604669307399869e-01
6.902778505893796268e-01 -1.592789888330772563e-01
-1.606468296022161013e-01 1.696227020187252577e-01
1.712781627472442503e-01 9.759913276763479417e-02
9.791081254112582455e-02 -8.416722578767177332e-02
-8.436682516456128766e-02 1.372402548086714136e-01
1.381117599580494737e-01 -4.446021930724023408e-01
-4.779523187520187122e-01 7.743489261096334064e-02
7.759022256078138002e-02 5.023024584799981040e-01
5.523808181873333112e-01 -6.717458850787470792e-02
-6.727590305942821036e-02 -2.882751878390712452e-01
-2.966841010350673158e-01 -1.026026653692142937e-01
-1.029650000330098458e-01 4.652601706120413350e-01
5.040038840704755829e-01 -5.302820236196561510e-01
-5.905374311079050198e-01 -7.046727175966643886e-02
-7.058425878997193204e-02 4.209529288009117853e-01
4.488496152340738510e-01 -5.965349601698992643e-01
-6.877505341356997537e-01 3.499363984108261882e-01
3.653712756664148631e-01 3.159726313385984864e-01
3.271666926644518081e-01 -4.912517807263984682e-01
-5.377089654883278058e-01 6.226774707147112453e-01
7.293662432868284196e-01 -1.421236094413582188e-02
-1.421331798409108949e-02 -6.992663609094321164e-02
-7.004094587231524116e-02 2.185956932955361587e-01
2.221808547688339797e-01 -4.029497856178081983e-01
-4.271655338460522700e-01 1.288616988180521783e-01
1.295821546004403690e-01 2.381977850472162261e-01
2.428626203344901591e-01 -3.336862365039451328e-01
-3.469706589153185305e-01 -7.742020229700140484e-03
-7.742174917929986466e-03 1.958872346156427247e-01
1.984520649148646676e-01 8.723537660245557837e-03
8.723758957739941033e-03 1.114898432142734097e-01
1.119552582695364229e-01 -6.286663703919950774e-02
-6.294965479277378484e-02 1.221442910533689363e-01
1.227572199718822005e-01 -5.629537178796047842e-02
-5.635495497344406024e-02 -1.523902268596240006e-01
-1.535865828970419955e-01 -3.007530788622352902e-01
-3.103473690887256220e-01 5.710677796511444138e-01
6.491059348380360250e-01 -6.936636581655649669e-01
-8.549828259778997630e-01 7.646284309551575342e-01
1.007265008088581659e+00 -2.215879315279443151e-01
-2.253254198333065617e-01 -5.995581049127490791e-02
-6.002780687329145604e-02 3.194572675500044756e-01
3.310425771493551994e-01 -3.240705770639696337e-01
-3.361886871820433664e-01 -4.375244995846468421e-01
-4.691651187013524682e-01 4.742785446498992141e-01
5.155762534672327924e-01 -3.860242938680923386e-01
-4.071196734178181842e-01 1.253790716236372615e-01
1.260423213305766899e-01 3.476696364354020519e-02
3.478098190524012145e-02 2.880947706186330892e-01
2.964873429395024074e-01 -2.836674844897285053e-01
-2.916660079757812385e-01 4.935830621496527237e-02
4.939844784083410878e-02 -1.774980629534610166e-01
-1.793981715652733788e-01 2.400810138095090529e-01
2.448600798507745424e-01 -3.365721590849159450e-01
-3.502217162815131624e-01 4.154561807671323936e-02
4.156954597234496784e-02 4.205400316145431194e-01
4.483479007173607478e-01 -4.438639573302265440e-01
-4.770325786287601399e-01 -2.041297219036566635e-01
-2.070380785808646207e-01 2.596598028150574611e-01
2.657435796207555101e-01 2.081461463002474144e-01
2.112327532917598893e-01 1.394715927400189681e-01
1.403866455904143051e-01 1.730793223019007343e-01
1.748393475555879983e-01 -1.673636090176192637e-01
-1.689530590800744636e-01 -2.431543873975313130e-01
-2.481240014964584961e-01 -8.151396937511230789e-02
-8.169523316872202845e-02 -1.878392112195447217e-01
-1.900964051864169335e-01 4.342666031071084620e-01
4.651429912828464186e-01 -2.124410236482587866e-01
-2.157263614187763801e-01 2.124358946126162495e-01
2.157209899690775978e-01 -4.248617301151577097e-01
-4.536097876212927815e-01 1.443165684954481887e-01
1.453311848203928114e-01 -9.341506222995700492e-02
-9.368821878119483471e-02 4.519164056323379253e-01
4.871059010340169637e-01 -5.933661307178568212e-01
-6.828454621187154405e-01 4.780444134379616128e-01
5.204463248478414794e-01 -5.739268762971663218e-01
-6.533589936151129596e-01 4.811832466705168732e-01
5.245228969728943369e-01 -5.403363411073375255e-01
-6.046305145772655765e-01 1.334574013593689823e-01
1.342583090265649370e-01 -1.381503080071114220e-01
-1.390394012964450421e-01 2.043243167528727700e-01
2.072411429778573400e-01 -6.761440541759677902e-02
-6.771772674764471589e-02 4.442713909718125076e-01
4.775400919269789379e-01 -5.624403411725590329e-01
-6.363955698484150547e-01 -4.198391965799284226e-02
-4.200861342426709388e-02 4.369281476514819684e-01
4.684278195666429223e-01 -1.432011895567245063e-02
-1.432109793171085221e-02 -3.492479640781871453e-01
-3.645869900609001735e-01 3.528340587723716171e-01
3.686771171065214570e-01 1.087355903033947052e-01
1.091671988174119090e-01 -3.897489481386793853e-01
-4.115039820172067264e-01 2.495687237122172220e-01
2.549528367106191906e-01 -4.051199192826257511e-01
-4.297590448541405150e-01 -1.045687525835152232e-01
-1.049524128530600620e-01 7.176368409045646990e-01
9.027553273730225536e-01 -6.400905133210380571e-01
-7.583270681995464280e-01 1.121949551142195078e-01
1.126693019749516744e-01 5.679850629471207002e-01
6.445432552628223011e-01 -2.734255308763200443e-01
-2.805624175229919359e-01 -4.737313069416634187e-02
-4.740861696302722805e-02 1.466979516875246969e-01
1.477640793879812786e-01 1.296216997210974595e-02
1.296289600394795460e-02 8.053263335824499547e-02
8.070741224804048319e-02 -5.860744326991983444e-01
-6.716655818223675745e-01 3.743457308011003959e-01
3.934675659012608073e-01 -2.255896166139492731e-01
-2.295376913479701686e-01 -2.155492206413699152e-01
-2.189837291499461547e-01 3.021414845139425154e-01
3.118745507934047034e-01 1.184708609475552676e-01
1.190298355917091683e-01 -4.229901130325521286e-01
-4.513281243022736477e-01 1.709702055711457835e-01
1.726659125018593088e-01 2.637367905963260983e-01
2.701203207325830191e-01 -1.066627695367033529e-01
-1.070700522235268903e-01 3.172487641683454096e-01
3.285850002333973174e-01 -7.114965045064254590e-02
-7.127007608502400338e-02 2.321179393570078076e-01
2.364268575126217964e-01 -3.264512703954685069e-01
-3.388510457032798961e-01 1.857350954410448007e-01
1.879162231556771590e-01 1.489090715687738098e-01
1.500245829577997736e-01 2.811602001214359410e-04
2.811602075301067316e-04 -7.710899752462982426e-02
-7.726236987835660708e-02 -1.711644246669217773e-01
-1.728659865711666410e-01 -1.861982293982414050e-01
-1.883959477250705672e-01 5.389340031648512941e-01
6.026520285361687268e-01 -1.626505178215715275e-01
-1.641080410004251977e-01 1.330487170636966976e-01
1.338422367888421616e-01 -5.854829526844764764e-01
-6.707651203794025019e-01 2.404192642826317450e-01
2.452190501396514510e-01 1.934587351436099431e-02
1.934828753687690972e-02 3.666016346794020442e-01
3.844914126055296588e-01 2.847194164459270621e-02
2.847963899589184278e-02 -5.001838128748403722e-01
-5.495512582088076803e-01 4.618634569695265757e-01
4.996774579237059921e-01 -5.955982284911949254e-01
-6.862975710310810218e-01 3.524562343912227558e-01
3.682456340942494299e-01 -2.951378175972001888e-02
-2.952235569874629359e-02 2.698579322715559670e-01
2.767105901539462232e-01 1.089555599567692684e-01
1.093898057763355580e-01 -4.694706225086415219e-01
-5.093910803319938729e-01 2.819600338198441913e-01
2.898101157122538463e-01 5.936095330188695396e-02
5.943082493417842227e-02 -3.059674806033694794e-01
-3.160902960998615008e-01 6.050052836478236884e-01
7.010049695315287988e-01 -1.360603084345260450e-01
-1.369093606718291278e-01 -4.621453940403250638e-01
-5.000359048003507612e-01 2.892583399114040943e-01
2.977566926077391818e-01 -3.336158343915375246e-01
-3.468914376532372112e-01 2.904738219105385544e-01
2.990836706356797547e-01 9.100389036466284554e-02
9.125636867897828075e-02 -5.327569132357686810e-01
-5.939868231682474686e-01 6.798544554660285177e-01
8.288433579665417383e-01 -3.522930012420921186e-01
-3.680592591664217372e-01 4.567313450420026344e-01
4.931732209870969275e-01 -7.427818272949487932e-01
-9.566566105441201007e-01 7.060603557500656491e-01
8.792838256731418944e-01 -1.494054336448114029e-01
-1.505322393262233382e-01 -5.260836257550070005e-01
-5.847145652409796446e-01 2.572203696221802005e-01
2.631295504081908043e-01 4.328998977980335616e-01
4.634598675793652478e-01 -3.862197381251940564e-01
-4.073493619945937616e-01 -1.550192469291301368e-02
-1.550316662611862795e-02 4.660912077276879728e-01
5.050650362471040822e-01 -6.863059197636544040e-01
-8.409386624678747424e-01 4.319614676792072339e-01
4.623055920500767635e-01 6.936018872285948378e-02
6.947173771251394236e-02 -4.112767536719483946e-02
-4.115088788793438979e-02 -3.070986022651580605e-01
-3.173387232973749472e-01 3.264662395479971391e-01
3.388678005040396402e-01 7.294976674978791154e-02
7.307958634118266739e-02 -1.124576465063031883e-01
-1.129353501511208280e-01 1.432662286516904748e-01
1.442586695807520358e-01 -4.000197982306995526e-01
-4.236724997380748037e-01 5.585608225354803391e-01
6.307389388047504042e-01 -4.243686135133464266e-01
-4.530082072283238559e-01 5.602196822386749098e-01
6.331532939302526586e-01 -7.503578596754001406e-01
-9.737735417908124358e-01 4.044941643239742257e-01
4.290106515898641781e-01 -3.084532468322192522e-01
-3.188351154628369377e-01 3.656935345069768362e-01
3.834427203864284039e-01 -3.803925873714035788e-01
-4.005185746268856151e-01 4.891780021576654369e-01
5.349791908021180875e-01 7.039540266081929787e-02
7.051203140184281182e-02 -5.536733532856347173e-01
-6.236631178868885517e-01 4.568417975157000599e-02
4.571600124414221256e-02 5.764234287360647802e-01
6.570898019104125520e-01 -5.326766762191249560e-01
-5.938747935941632861e-01 1.822120582710909098e-01
1.842697625706588849e-01 -2.523866023138146009e-01
-2.579601477180555325e-01 2.090407153998089795e-01
2.121680169262318283e-01 -2.568634026521057212e-01
-2.627473299223639369e-01 4.156214590278596854e-01
4.423874739385688093e-01 -2.377376603923134213e-01
-2.423748753343255014e-01 3.343180446937635830e-01
3.476818002390651419e-01 -4.565815640943677312e-01
-4.929839757638745934e-01 2.720545706784524564e-01
2.790812793963398653e-01 -2.995955180597085210e-01
-3.090751777875246908e-01 6.025438998841335936e-01
6.971315475038615261e-01 -4.314137225289717548e-01
-4.616323935048796123e-01 -2.293038953335447827e-01
-2.334546054591118691e-01 1.035507752133703330e-01
1.039232916183077671e-01 -2.443894263725380489e-01
-2.494370694028868463e-01 -8.075945742366920366e-02
-8.093572118663655557e-02 4.215017396886582834e-01
4.495168077708577292e-01 -2.758084206841966979e-01
-2.831396712030965213e-01 5.826556083426911448e-01
6.664738598340879117e-01 -6.705751631640131105e-01
-8.117875200320434637e-01 6.260003060229890615e-01
7.348117495714239222e-01 -5.115730959457858162e-01
-5.648581730481327945e-01 2.817221112845930478e-03
2.817228566060370198e-03 6.041597352892313921e-01
6.996723055621515419e-01 -2.123587427859441323e-01
-2.156401931877861555e-01 -8.332873487229558451e-02
-8.352241171526200714e-02 1.105729588571960353e-01
1.110269294322489136e-01 2.950367642208348573e-01
3.040743547344170183e-01 -3.589508127455181552e-01
-3.756810153105765160e-01 -3.758751977377829401e-01
-3.952474815323342439e-01 -2.332616804870939545e-02
-2.333040009841563789e-02 4.890427821132026787e-01
5.348014500092195256e-01 -1.161543741672605018e-01
-1.166810227523975563e-01 1.383487965964871613e-01
1.392417575084142212e-01 -5.504982723404663325e-01
-6.190959634309998183e-01 7.132863434005722869e-01
8.938423189289070869e-01 -4.367722628984735955e-01
-4.682351699199867046e-01 2.091256967856309212e-01
2.122568831699030711e-01 -5.619216524883956509e-01
-6.356372003530681436e-01 7.407372531427355300e-01
9.521109985328679581e-01 -4.463573203005871126e-01
-4.801419927512251551e-01 1.177622906822538285e-01
1.183112397869591770e-01 3.502369925589279842e-01
3.657138568001626622e-01 -5.169102516795286324e-03
-5.169148556353142521e-03 -5.723289706212117967e-01
-6.509794714227594703e-01 6.678868112855417261e-01
8.069184404993566817e-01 -2.555333173300528005e-01
-2.613238077532258341e-01 -5.595185460382752218e-01
-6.321320430142368663e-01 2.493791057250817345e-01
2.547506341975718236e-01 7.678679742339242220e-02
7.693825067125376060e-02 1.262721410477644357e-01
1.269497574226136627e-01 9.691395968486619938e-02
9.721909660279261234e-02 -4.409549965561923579e-01
-4.734156939192984415e-01 5.965921532582444398e-01
6.878393278474730366e-01 -6.654138052014814397e-02
-6.663985190772081513e-02 -1.458135023567884991e-01
-1.468602974303978570e-01 3.289167541242121739e-01
3.416131135432605714e-01 -9.970778413162741105e-02
-1.000401888908243331e-01 -4.871514818742826991e-01
-5.323186484037811805e-01 5.693935748154715926e-01
6.466250296791421492e-01 6.585383332676381096e-02
6.594927850896747934e-02 -6.454625284788461093e-01
-7.674813765810103439e-01 7.347752603832744533e-01
9.390278052352637461e-01 -7.682928087738303269e-01
-1.016147688776045221e+00 5.080193062287258199e-01
5.600564378023966672e-01 1.199681538988721097e-01
1.205487171486424314e-01 3.174864553355031399e-02
3.175931928575886909e-02 -1.811453671922805264e-02
-1.811651845594447474e-02 -1.579342071574797723e-01
-1.592673453175902087e-01 1.661944956304062526e-01
1.677504959431580234e-01 3.378671889108061238e-02
3.379958402764771108e-02 -1.820739034771983733e-01
-1.841268670658844364e-01 1.450952454474614406e-01
1.461265158891565941e-01 2.296297339081629085e-01
2.337985546907825340e-01 -4.831546167887935672e-01
-5.270914158729034238e-01 2.936989668897252992e-01
3.026096356160355993e-01 -5.219782505392452920e-01
-5.790550079231143732e-01 5.907676283449544430e-01
6.788444116343710366e-01 -5.497220687548148854e-01
-6.179829331263163583e-01 3.351847873905078323e-01
3.486579262552403913e-01 -3.444414005547836721e-01
-3.591230972137804955e-01 -1.613027629936920893e-01
-1.627239729326643292e-01 3.922552666924812859e-01
4.144626290272152014e-01 -1.556346477696831931e-01
-1.569098339585712210e-01 2.148457002602978047e-02
2.148787660612101746e-02 -2.239805301470847720e-01
-2.278429731590335683e-01 6.306943945330996115e-01
7.425683558152993413e-01 -7.603571676813440927e-01
-9.970611937119103763e-01 7.414614197502867876e-01
9.537175033374371003e-01 -2.422957699325192504e-01
-2.472116312448136566e-01 -4.384925959507700033e-01
-4.703630378140524204e-01 3.360268697581918484e-01
3.496068919172293232e-01 4.039944956438949464e-01
4.284133807884958345e-01 -3.350909230836257024e-01
-3.485521854137537123e-01 -3.913704237049419610e-01
-4.134173116082798249e-01 3.476974818287966174e-01
3.628222035169562654e-01 -8.871872738918772094e-02
-8.895260162304147178e-02 3.227091377432987906e-01
3.346682373534816124e-01 9.353312615292355692e-02
9.380732336948288674e-02 -6.549846573146749229e-01
-7.839790648346336432e-01 3.043975739412353998e-01
3.143591569071726433e-01 -1.148923770449414294e-01
-1.154019554664127839e-01 5.927075478025279898e-01
6.818296120360100021e-01 -4.320362753560522129e-01
-4.623975637670368899e-01 4.184178044192101154e-01
4.457724971114140899e-01 -4.325757248800259913e-01
-4.630610023484424964e-01 3.779536740234450409e-01
3.976701318552003928e-01 -4.485207938364758617e-01
-4.828470193484363793e-01 6.007193881047057094e-01
6.942719835443571519e-01 -4.688782393834938778e-01
-5.086314933417175332e-01 4.309145188350512745e-01
4.610191945727480922e-01 -5.258547736537301232e-01
-5.843981899321202267e-01 4.812470158446079949e-01
5.246058830723343558e-01 -3.559202438453752393e-01
-3.722065430752842796e-01 -2.961168143149385812e-01
-3.052577971935067636e-01 3.449797216735007721e-01
3.597340103332428152e-01 3.715843304395007041e-02
3.717554938444697643e-02 -3.876449753189233904e-01
-4.090255534372371771e-01 5.982451902661888032e-02
5.989604279284499455e-02 2.215014181230268442e-01
2.252344410013853437e-01 -1.824715238739268441e-01
-1.845381517195464061e-01 1.120940972097267396e-01
1.125671594861076541e-01 -1.207089413846271046e-02
-1.207148045890843457e-02 -3.126694706528517775e-01
-3.235014051208573993e-01 4.675746802935806801e-02
4.679158747036221699e-02 5.447286111184340696e-01
6.108549087240802145e-01 -6.391367334006367029e-01
-7.567129382281653216e-01 5.356898292601833811e-01
5.980910794600065028e-01 -3.296434208852295211e-01
-3.424281511125109589e-01 5.493551859177040475e-01
6.174573184876838150e-01 -7.255353541541452733e-01
-9.192350868145067189e-01 6.911897794963366426e-01
8.502303283323361383e-01 -4.137044705793645472e-01
-4.400724216618276396e-01 -3.664660435150402518e-01
-3.843347780494228427e-01 2.393211363383919432e-01
2.440538808749869171e-01 5.685719898629548741e-02
5.691858630082244352e-02 -1.281165127112501301e-01
-1.288244593237075908e-01 4.706801088076501688e-02
4.710281527604159857e-02 4.817394606647095179e-01
5.252469501895741244e-01 -5.250023512954447025e-01
-5.832206884733427410e-01 1.749701706397934486e-01
1.767892485425922033e-01 2.901447290115617417e-01
2.987242892583049647e-01 7.754142938490892964e-03
7.754298354524347126e-03 -5.824706780510058302e-01
-6.661939254655223630e-01 5.933779083583510250e-01
6.828636400244769700e-01 -3.274513024609072565e-01
-3.399707736230539457e-01 -2.746725898476623517e-01
-2.819107396076452332e-01 1.269095620092337562e-01
1.275975595951234776e-01 -2.767963339268136869e-01
-2.842092385450081249e-01 2.816650310917125366e-01
2.894896631849410706e-01 -1.851178552977692793e-01
-1.872770047572341889e-01 1.290321768447151851e-01
1.297555151475921764e-01 1.516968343670299646e-01
1.528767817328584022e-01 1.299312277623677070e-01
1.306698961967862060e-01 -1.127405454794597611e-01
-1.132218819356827777e-01 1.261042894510117363e-01
1.267791897977154636e-01 1.932764462414573448e-01
1.957385348292858540e-01 2.890832207272799742e-02
2.891637892194964810e-02 3.402460321844327784e-02
3.403774214124172248e-02 -5.830184992868303606e-01
-6.670234440082500882e-01 1.678563585193515451e-01
1.694600515878471603e-01 1.660664291532074344e-01
1.676187945967679005e-01 -1.959118465977763568e-01
-1.984776591161946380e-01 -2.091870258865749233e-01
-2.123210179348950510e-01 1.403500284228225425e-01
1.412826200671004062e-01 5.540937391601546969e-01
6.242695489388391250e-01 -5.781919026694565256e-01
-6.597423201951260197e-01 2.039150442839837152e-01
2.068140768587507505e-01 -4.296968651358988867e-01
-4.595248416720887352e-01 6.057271393095142731e-01
7.021443849209665355e-01 -4.038040383841247638e-01
-4.281857966811029037e-01 -2.266371565622306850e-01
-2.306416750865711296e-01 6.909780003925709568e-01
8.498249342444572640e-01 -2.557625260485349994e-01
-2.615690441057726412e-01 4.309522370906298389e-02
4.312193226940586044e-02 2.541590574761927179e-01
2.598540947732920214e-01 -4.811028399761789198e-01
-5.244182690601718599e-01 3.919619282492151080e-01
4.141159960538783880e-01 -5.117470819528099346e-01
-5.650938613124210086e-01 5.007450952715194470e-01
5.503000987503994246e-01 -6.510416841209959449e-01
-7.771046075381997653e-01 1.394836411321878356e-01
1.403989330223534004e-01 2.111486256619085899e-01
2.143732674059633525e-01 -4.408797308844474849e-01
-4.733222648842592140e-01 4.196383055084928482e-01
4.472529416756885756e-01 -4.213567092659949859e-02
-4.216063362090570477e-02 1.106085465076351165e-01
1.110629577199847423e-01 -4.793823313023950483e-01
-5.221820024213850164e-01 1.177686323392167361e-01
1.183176706313996407e-01 3.462178245317762415e-01
3.611400485851578024e-01 -2.914006093619683421e-02
-2.914831316872584788e-02 -5.377155070855819119e-01
-6.009363349878154015e-01 4.991201787794046774e-01
5.481337365086285107e-01 1.221275746367649212e-01
1.227402504172737663e-01 -6.082801504044220708e-01
-7.061868712793377689e-01 3.860085638134995167e-01
4.071011890287469792e-01 -1.887733974088921796e-01
-1.910649348042045559e-01 5.327095155949257421e-01
5.939206433994024259e-01 -6.441422840883951340e-01
-7.652215714074035446e-01 2.345164395551931902e-01
2.389634430899333917e-01 4.642775397941585891e-01
5.027505120362151247e-01 -5.406136479150329688e-01
-6.050222535135807433e-01 3.039276380872514283e-01
3.138413127434652172e-01 -5.046699033890206243e-01
-5.555522088370403733e-01 7.444331593791801982e-01
9.603504811382421735e-01 -2.258531910832390077e-01
-2.298154159288670062e-01 -9.509221539097478804e-02
-9.538040531252803267e-02 -4.866931272424263044e-01
-5.317178479731639040e-01 3.614528026352357981e-02
3.616103365835038330e-02 3.751822304449663470e-01
3.944407470209261302e-01 -3.402284379775563639e-01
-3.543508487791320327e-01 3.595405102039618273e-01
3.763580949715761292e-01 -8.552698200435192299e-02
-8.573644150896581051e-02 2.731694911039678764e-01
2.802857100437906590e-01 -5.022010330302933978e-01
-5.522451760950165545e-01 3.714778201031235239e-01
3.901364103151321872e-01 1.234250493181992814e-01
1.240575827930711916e-01 -2.668312363454888869e-01
-2.734490298711023670e-01 3.858838355277918186e-01
4.069546301414803113e-01 -6.163243451190125732e-01
-7.190561903157304258e-01 5.885097551772736635e-01
6.753831406821747541e-01 1.035138575605809713e-01
1.038859739597509657e-01 -5.116966357776174812e-01
-5.650255190945332462e-01 1.415336993029701618e-01
1.424902808080923955e-01 -3.193207929606616813e-01
-3.308905994087314451e-01 4.943320311896315378e-01
5.417771591596144409e-01 -1.959081510067263721e-01
-1.984738160244886029e-01 -4.307836077474897496e-01
-4.608584430284345945e-01 6.191661116448425872e-01
7.236516291570620485e-01 -3.973095741984512125e-02
-3.975188299672233194e-02 1.296066597199404813e-01
1.303397688131336385e-01 -3.127651962773561056e-01
-3.236075066390024513e-01 -7.996466061445063264e-03
-7.996636508578992830e-03 3.955414693807834947e-01
4.183523512314837323e-01 -4.653745600598153120e-01
-5.041498858633486346e-01 3.413731235516382356e-01
3.556459548913422086e-01 -8.918988661823945563e-02
-8.942751881858723717e-02 -2.007991063722374403e-01
-2.035650953193638146e-01 -2.510455436980141841e-01
-2.565283699874396084e-01 -8.473723915413469698e-02
-8.494093318853473962e-02 3.365011503031647977e-01
3.501416380904341930e-01 -3.622451267729149410e-02
-3.624036995087541457e-02 3.337424047506566960e-01
3.470338662641161420e-01 -3.933663875200003046e-01
-4.157764773372430445e-01 -3.629265817813756567e-02
-3.630860515955453005e-02 1.613355419461710294e-01
1.627576277127327498e-01 -2.671276776798369168e-01
-2.737682226404433150e-01 -1.370629679533717504e-01
-1.379310743030722763e-01 -1.485817086166050724e-02
-1.485926439573820312e-02 1.560149828038605302e-01
1.572996338751069811e-01 -3.479471865435496136e-01
-3.631062753513829566e-01 1.929479887367167024e-01
1.953973538892956885e-01 4.609631738895279551e-01
4.985336568670273305e-01 -5.446871497429367492e-01
-6.107959555475799274e-01 -2.841527505877003423e-02
-2.842292652746336579e-02 6.612437614481911918e-01
7.950205331355211236e-01 -3.788304148094140400e-01
-3.986933823012019928e-01 -4.227761972607122498e-01
-4.510676230465823222e-01 2.629325606874269305e-02
2.629931773548088714e-02 4.478474746500645809e-01
4.820044550309810494e-01 -1.726665032925479848e-01
-1.744138113718825822e-01 -4.019965928165913360e-01
-4.260280928976936665e-01 1.714872683508516238e-01
1.731985931068681372e-01 5.582128974478777206e-01
6.302333837018829765e-01 -3.881813806992234772e-01
-4.096569726864641714e-01 -1.827725160122260772e-02
-1.827928722950371287e-02 -1.771934915232162844e-01
-1.790837098312869635e-01 -1.157712621780941364e-01
-1.162926886843064223e-01 2.251905461710572154e-01
2.291172628405394596e-01 4.197186702770927536e-01
4.473504871281698825e-01 -7.111390602818090656e-01
-8.894845749996609374e-01 7.733725023889449490e-01
1.028665345662237662e+00 -6.863161936268320495e-01
-8.409580845988681164e-01 3.063431790391555887e-01
3.165048512466470121e-01 -4.255752743431658325e-01
-4.544808248316252186e-01 4.931920810129803434e-01
5.402696849335855145e-01 -2.148636833901263199e-01
-2.182649001503483011e-01 2.236948200112254814e-01
2.275421929375882057e-01 -1.430353881741562583e-01
-1.440229997189954037e-01 -9.514125527916872382e-02
-9.542989292472779661e-02 3.371196186889956481e-01
3.508392437584817447e-01 -6.361326318983548944e-01
-7.516505784148154179e-01 5.041681304474115999e-01
5.548791952693582497e-01 -5.016232114130682040e-01
-5.514727742036181768e-01 3.351670303266305329e-01
3.486379218372330224e-01 2.522035848494310617e-01
2.577646887388842512e-01 -5.789172145376524359e-01
-6.608325647158319605e-01 7.016652567893941761e-01
8.705732289809187119e-01 -1.108001611866308023e-01
-1.112569498613608099e-01 -3.754072503797056259e-01
-3.947026557984067430e-01 -3.150835551787089517e-01
-3.261793150969772848e-01 6.405072494568594399e-01
7.590333799372575019e-01 -3.624077112948011908e-02
-3.625664977528852972e-02 -5.719513426687158342e-01
-6.504180727678611218e-01 6.820184777724122016e-01
8.328782755895624001e-01 -7.406717412979561821e-02
-7.420306454976560717e-02 -3.564810103447805800e-01
-3.728487982189339078e-01 3.886738827885743430e-01
4.102369847035157724e-01 -3.672290299607391395e-01
-3.852164123677233043e-01 1.930374447082706668e-01
1.954902706563614589e-01 -2.733795760562904853e-01
-2.805127501161285286e-01 -1.289627490998215276e-01
-1.296849125510722289e-01 5.040993554132795484e-01
5.547869848908334456e-01 -6.830944813533593729e-01
-8.348928251247981214e-01 5.476162843166684224e-01
6.149701984375852692e-01 1.573899407793304672e-01
1.587092050476223148e-01 -5.515627632450188500e-01
-6.206246024886963308e-01 2.044551313491216049e-01
2.073776606206076401e-01 1.861491527925320244e-01
1.883451090170263909e-01 -3.626357110900637615e-01
-3.799173759089318758e-01 5.634621932622211338e-01
6.378915054330464018e-01 -4.953132778047030227e-01
-5.430765647771732541e-01 3.076433024483815060e-01
3.179402542861684555e-01 -3.893483273686060286e-01
-4.110316921227106235e-01 -1.432999023522116278e-01
-1.442930490939498545e-01 8.479079250467498607e-02
8.499487410122208431e-02 -1.849879285229961146e-01
-1.871424709287611288e-01 3.736209391222672926e-01
3.926249185202190795e-01 3.174262207518226825e-02
3.175328975091443184e-02 -4.861096188791668160e-01
-5.309535069499998761e-01 7.305072230153480950e-02
7.318108277111623483e-02 3.173746160024829011e-01
3.287249423821651528e-01 2.300637133502294318e-01
2.342567398415651703e-01 -1.698362108529696546e-01
-1.714980048120560707e-01 -4.214795168087433486e-01
-4.494897840006110701e-01 6.731870328475692000e-01
8.165487241292765930e-01 -6.135160789887496302e-02
-6.142875843378575729e-02 -4.811118808539062153e-01
-5.244300328307244241e-01 3.707807027213490536e-01
3.893279361282856454e-01 -1.885194620785802522e-01
-1.908016290865030273e-01 4.503578535673812278e-01
4.851490884562503214e-01 -4.162405523944663899e-01
-4.431360741364105404e-01 5.086131298062545048e-01
5.608571550696044294e-01 -6.465517863878155191e-01
-7.693507876350869079e-01 2.456514851271612565e-01
2.507797353641070814e-01 3.386616959597218424e-01
3.525800720903320973e-01 -3.702210172696279722e-02
-3.703903025953408923e-02 -1.442339427552797367e-03
-1.442340427740967934e-03 1.685485747675008472e-01
1.701724223099365385e-01 -1.324111518624699058e-01
-1.331932379995421356e-01 -1.048399738700067640e-02
-1.048438152573380466e-02 -1.531965670971106586e-01
-1.544121978432462794e-01 3.587515147499822227e-02
3.589055412772261533e-02 -8.085604167371025774e-02
-8.103294026688717677e-02 2.072646374219001275e-01
2.103115000696560710e-01 -2.437947231841910700e-01
-2.488046883319190161e-01 -2.132810456134879296e-01
-2.166062510881644199e-01 -5.280325022231349003e-02
-5.285240752996145375e-02 6.458813781243945007e-01
7.681996824196262175e-01 -7.504782027322078886e-01
-9.740490065594871183e-01 1.546544294702804356e-01
1.559054399806582003e-01 2.526814593249142593e-01
2.582750896622049708e-01 -2.415832832919810602e-01
-2.464548463620869767e-01 1.548921996359423348e-01
1.561490456679579530e-01 -3.225473485288063435e-01
-3.344876510987664919e-01 1.545465915854655342e-02
1.545588976527023650e-02 5.478335492853008137e-01
6.152805781148965591e-01 -1.232474825508943911e-01
-1.238772731853528541e-01 -5.255843628847906013e-01
-5.840244977007330585e-01 5.555394625629686001e-01
6.263582071844182586e-01 -1.697732144273414734e-01
-1.714331380412585371e-01 1.512426280337299256e-01
1.524119097970490500e-01 -2.318160596446339483e-01
