-2.973848450279597544e-01 2.392648080193987281e-01
2.439941312236271753e-01 -2.062856128179907933e-01
-2.092887465695237592e-01 5.483088603299601099e-02
5.488593370015658335e-02 2.014531854647817061e-02
2.014804442771968296e-02 3.066871969241375950e-01
3.168845416420698058e-01 -1.817016707017196642e-01
-1.837418982993228589e-01 -2.909643108230936526e-01
-2.996194416282874640e-01 -4.547899112136035149e-01
-4.907227869333137260e-01 -3.451776209843375187e-01
-3.599586608716924818e-01 1.030347754988403947e-01
1.034017271127048998e-01 2.229142175776002988e-01
2.267206229411033447e-01 1.196337051085551717e-01
1.202093983626189438e-01 -3.919506454684082430e-02
-3.921515424742001016e-02 -3.569435916279519727e-01
-3.733788216400669158e-01 -8.201774697852987073e-02
-8.220240153617204559e-02 -1.889221758242033700e-01
-1.912192154039294711e-01 -4.301489596750059929e-01
-4.600794457608567978e-01 7.378665834712606897e-02
7.392100726887257389e-02 -2.343613717664018992e-01
-2.387993568588590021e-01 -4.693993020412316058e-02
-4.697445099461347584e-02 -2.056219713755133016e-01
-2.085957085270746525e-01 7.659416540557943687e-02
7.674447899830870445e-02 1.744310036750627291e-01
1.762331079888453944e-01 4.425619157764666967e-01
4.754122412659125274e-01 -1.725051043662564898e-01
-1.742474574506293894e-01 -3.413006358796423223e-01
-3.555639078471665715e-01 1.591341825130671295e-01
1.604982574629925662e-01 -3.015820977373547818e-01
-3.112590821594757307e-01 -2.314967773570999199e-01
-2.357704221620932072e-01 -3.757423514979012502e-01
-3.950927875094732977e-01 1.809472392925750850e-01
1.829618189645085824e-01 1.879793543332588523e-01
1.902416778639084705e-01 -4.449908491187037907e-02
-4.452849175435535933e-02 2.779285050195805518e-01
2.854357664997669852e-01 1.465272914408162208e-01
1.475896701691676305e-01 1.083464359913276637e-01
1.087734051573554933e-01 2.671439866444862976e-01
2.737857848733010191e-01 2.839825297114785818e-01
2.920086557531779148e-01 -2.473520603797000061e-01
-2.525903284585675479e-01 3.894653032228419243e-02
3.896624004727425317e-02 2.531037463609627780e-01
2.587262291854809937e-01 9.978071650257545888e-02
1.001138541512555519e-01 -1.039174578641296615e-01
-1.042939629815500674e-01 -2.354056863679640788e-01
-2.399046509608325217e-01 -3.103992377194139118e-01
-3.209871533192639736e-01 2.293974865234899019e-01
2.335533930481632492e-01 2.086990260556541299e-01
2.118107408283750603e-01 -1.242314915110269979e-01
-1.248765831259681103e-01 -3.835302691139019227e-01
-4.041922272795860360e-01 -2.632520062777693459e-01
-2.695993669450132413e-01 2.461126565205366545e-01
2.512705823946354000e-01 2.151509453865064481e-01
2.185660853839230811e-01 4.188547816540873492e-01
4.463023311371435153e-01 -6.043570769035260665e-03
-6.043644350613525118e-03 3.243019143355059253e-01
3.364471925187565438e-01 3.863978989693012123e-01
4.075587743952354680e-01 2.475634143923028663e-01
2.528154690298068941e-01 1.290943843606973951e-01
1.298187764276394485e-01 1.280863449397729170e-01
1.287937882404862899e-01 8.434651849772500931e-02
8.454739981436837359e-02 -1.373143536664755415e-01
-1.381872820338082841e-01 3.417441709442338438e-02
3.418773042036384047e-02 -1.816450629443551804e-02
-1.816650447867526608e-02 1.521031000223178054e-01
1.532926428064890767e-01 1.899888707206697780e-01
1.923256231515757808e-01 -2.117003337274479292e-03
-2.117006499876478154e-03 -3.935371271655356204e-03
-3.935391587735327310e-03 -1.833688715811506442e-01
-1.854665639852510761e-01 -1.380068648507484785e-01
-1.388931701410530128e-01 -3.004921195601917283e-01
-3.100604827319607404e-01 -9.360853799173188272e-02
-9.388340130877276257e-02 -2.740274081997704642e-02
-2.740960291116822933e-02 -1.418422771879994659e-01
-1.428051804593699070e-01 1.560543602954997389e-01
1.573399940075810299e-01 1.741611075002248987e-01
1.759547557164132248e-01 -1.925986015437267107e-02
-1.926224211625425509e-02 3.491530524913686317e-01
3.644788975677957232e-01 2.191608790355369096e-01
2.227744797371796759e-01 1.476438888321936552e-02
1.476546183938517998e-02 -3.703679330838118289e-01
-3.888494595244615937e-01 -4.550130854712015060e-01
-4.910041943400265119e-01 -3.621006388672662335e-02
-3.622590218305540843e-02 7.360405158511081200e-05
7.360405171802884838e-05 3.528896583150459287e-01
3.687406239854148504e-01 3.663336876786412177e-01
3.841818982773079760e-01 -5.301686130297062621e-02
-5.306661828889258636e-02 2.551610395404239062e-01
2.609255635680577390e-01 3.103930364551720222e-01
3.209802908889443085e-01 -2.118515005502285276e-01
-2.151090558212290227e-01 -3.661989470530935264e-01
-3.840262815031358912e-01 -3.850681038972492698e-01
-4.059965331356000795e-01 -4.394168298957817353e-01
-4.715078571222285353e-01 -3.857949471918922790e-01
-4.068501942167213059e-01 1.374399167824787993e-01
1.383152604191628943e-01 7.246338795279469447e-02
7.259062275233882366e-02 8.074967244368345953e-02
8.092587197700232271e-02 1.846099865999967782e-01
1.867511656696528854e-01 -1.803201282084790358e-01
-1.823135559898729219e-01 -6.796672793452256112e-02
-6.807167586302539930e-02 3.178854157716672901e-01
3.292930587646727969e-01 3.334027428370404111e-01
3.466516780043131796e-01 3.568607027854922564e-01
3.732838332589726305e-01 -1.532701861081162686e-01
-1.544875870275976837e-01 -2.076370914804839263e-01
-2.107007038535559651e-01 -1.506739154814624726e-01
-1.518299349521873010e-01 -6.693504671270425477e-02
-6.703527933494816959e-02 -1.486348125719722524e-01
-1.497441163665656494e-01 -2.688522604896956825e-01
-2.756262467902660385e-01 -1.703986147688094366e-01
-1.720771697398487676e-01 -4.045399854448556987e-01
-4.290654375620318040e-01 -5.231259875502635159e-01
-5.806338707962348522e-01 -5.731297702520429249e-01
-6.521711713927614840e-01 -3.834221570407341795e-01
-4.040654759094683968e-01 -4.749418813474505785e-01
-5.164324534306987680e-01 -1.388285227174358982e-01
-1.397308780887528967e-01 -3.271855416876082168e-01
-3.396731233901520430e-01 -4.483260912079460869e-01
-4.826033109627685391e-01 -4.960563042163129710e-01
-5.440616236092545854e-01 -4.592706352772316647e-01
-4.963865606851609047e-01 -1.316982831523469677e-01
-1.324677173012412668e-01 2.333474684406900979e-01
2.377267974068868472e-01 2.549466502802091306e-01
2.606962573738196287e-01 -1.000060732911492861e-01
-1.003414823723635663e-01 1.553490176369375642e-01
1.566171268356955637e-01 9.388993498666736714e-02
9.416729341043139634e-02 -9.609613197689919478e-03
-9.609909012920032911e-03 -9.764852087914618894e-02
-9.796067587070052263e-02 -3.814737100640469558e-01
-4.017832086501268440e-01 -3.079353191560859626e-01
-3.182628299653341708e-01 -3.540658348890829421e-01
-3.700847439058577715e-01 -2.225280148194656860e-01
-2.263142628060603734e-01 -3.511602831854416795e-01
-3.667666272968497787e-01 3.200991112420028400e-02
3.202085066921034340e-02 2.601372997194180692e-01
2.662556666090443169e-01 -2.104806977096473908e-01
-2.136742741921945909e-01 -2.661632144911347808e-01
-2.727299374861152925e-01 -2.599996412297892467e-01
-2.661080220922568129e-01 -8.726043740954644856e-02
-8.748293295513077938e-02 6.811034999699942805e-02
6.821596587927150623e-02 -4.016311208741753756e-03
-4.016332804329107720e-03 2.959462274957131989e-01
3.050708251411608507e-01 1.799842416421410241e-01
1.819664026233751841e-01 1.144261497734739702e-01
1.149295171591818571e-01 1.256080238323993049e-02
1.256146303410667769e-02 -1.072252034513990343e-01
-1.076389931404247713e-01 -4.045912490138998119e-01
-4.291267336696854007e-01 -3.100083780281573387e-01
-3.205546780841458387e-01 -4.218188115010813033e-01
-4.499024448557155109e-01 -2.351545487437851079e-01
-2.396387965003524134e-01 -1.990097981023871143e-01
-2.017013061166890719e-01 2.620423127452881640e-01
2.683000411249132355e-01 4.092986506826696846e-01
4.347684450900399789e-01 1.326666401066241285e-01
1.334532945438273166e-01 1.275570502377438575e-01
1.282557020652262403e-01 -1.875043955526779216e-01
-1.897493665708597788e-01 -1.316544307248652679e-01
-1.324230911153548851e-01 -3.567054882510330427e-01
-3.731059788996020088e-01 -5.024159867569208959e-01
-5.525326680140502100e-01 4.671858146190038114e-02
4.675261577144634861e-02 1.335747940124868971e-01
1.343778323684623466e-01 -6.413496877979377175e-02
-6.422312177393836585e-02 1.182641682918702808e-01
1.188202058403518696e-01 2.456712445345740070e-01
2.508007638289920238e-01 -1.368590160121102572e-01
-1.377232234292185831e-01 -4.383634575980182024e-01
-4.702031697622989226e-01 -4.132983798751732607e-01
-4.395825753420820048e-01 -2.024901406281776339e-01
-2.053278027266184358e-01 -3.267461820241122916e-02
-3.268625379839138617e-02 -3.579340085226997981e-02
-3.580869839438215185e-02 1.615619262051364025e-02
1.615759855096045305e-02 7.107208605450911904e-03
7.107328276499394124e-03 2.408348605473323301e-01
2.456601889601369715e-01 -2.086515174558980501e-01
-2.117610692619155410e-01 -3.068043027979392989e-01
-3.170138108365910257e-01 -2.884703220617055308e-01
-2.968969342206854156e-01 -4.561942763085549690e-01
-4.924947969409065873e-01 -4.091446096902906504e-02
-4.093731410235781909e-02 3.308048287025229239e-01
3.437317095531842726e-01 -9.417421187177285602e-02
-9.445410630600339918e-02 -4.359724537634747654e-01
-4.672472378289647676e-01 -2.740685182480701032e-01
-2.812574920257464584e-01 2.407760601253890465e-01
2.455977689735740488e-01 -9.691528674063210058e-02
-9.722043624103596238e-02 2.859144303463702630e-01
2.941112812916260588e-01 1.053662174376776423e-01
1.057587622489291057e-01 2.237236822718813856e-01
2.275725757302964891e-01 -2.360462128214962652e-01
-2.405828634910215369e-01 -7.988900870065683557e-02
-8.005961981623280210e-02 -3.466476631810063713e-01
-3.616285102934911344e-01 2.565843613291981379e-03
2.565849244103746152e-03 1.026732520079713523e-01
1.030363381871901296e-01 -2.962540113842777045e-01
-3.054081873607207842e-01 9.064470640051223993e-02
9.089419713850796501e-02 -8.012169923391744553e-03
-8.012341376722867392e-03 8.889717872296502843e-02
8.913247156501750978e-02 -1.828639525438743862e-01
-1.849441267689320989e-01 2.102033156911103373e-01
2.133840516343178950e-01 1.548945918420903123e-01
1.561514966786667347e-01 -8.785376797171054464e-02
-8.808084729392437473e-02 2.034373981775876999e-02
2.034654705415996079e-02 3.576350180716786897e-01
3.741714289306333763e-01 9.468486168757735133e-03
9.468769140946964313e-03 -1.289364129960885244e-02
-1.289435587625767550e-02 3.678483505039660262e-01
3.859324600228003499e-01 9.227964328930016169e-02
9.254292657179157000e-02 -3.038577441709482407e-01
-3.137643073168513985e-01 1.576782374813835708e-01
1.590048384837338957e-01 1.524355440262887412e-02
1.524473526160567693e-02 -1.787573963040114955e-01
-1.806987725124702404e-01 2.505194536370722314e-01
2.559669725821351882e-01 4.784303604467894377e-01
5.209467170763584232e-01 2.552749902733960075e-01
2.610474537700562814e-01 -1.348425973788150711e-01
-1.356688904245465510e-01 1.938510776808278768e-01
1.963355340142828864e-01 -1.759170582203299638e-01
-1.777662074518252533e-01 -2.141904022469827140e-01
-2.175591385179343196e-01 3.165683970643304312e-02
3.166742109502376779e-02 1.703309049598090291e-02
1.703473803123303071e-02 -3.558956921899102954e-01
-3.721784303698819074e-01 5.489816707716607680e-02
5.495341787957913615e-02 4.105028572526768504e-02
4.107336736773896380e-02 -7.671348770973829279e-02
-7.686450656166546325e-02 2.461266583218979231e-01
2.512854870433928745e-01 4.606164984341576951e-01
4.980935305903438359e-01 5.501968991088530547e-01
6.186636500469722133e-01 3.801915582746688282e-01
4.002835567607307410e-01 4.705125056606293543e-01
5.107283577109611450e-01 -3.191894953355987191e-02
-3.192979604573936703e-02 -4.156554901076171538e-01
-4.424286118043945781e-01 1.440080614716792717e-01
1.450161300827996214e-01 1.434158086358071349e-01
1.444113874044878065e-01 4.273696595868684556e-01
4.566741261162525767e-01 4.629479026478358072e-01
5.010568425413697291e-01 3.472685543066548197e-01
3.623343731783496002e-01 2.298648923030835178e-01
2.340468173400500063e-01 -2.558315686862598359e-01
-2.616429206426593157e-01 -5.268355968024002883e-02
-5.273238309575850602e-02 -1.566848164688839154e-02
-1.566976404675272938e-02 2.046137844665887606e-01
2.075432406713637323e-01 4.671244651674896775e-01
5.063858695586263003e-01 -9.665486488524546727e-02
-9.695755185380605656e-02 2.655018271291358922e-01
2.720182578778492788e-01 -2.467814123516611780e-01
-2.519825823911870377e-01 1.750439981359624975e-01
1.768654086303327322e-01 8.223625843943290284e-05
8.223625862481542814e-05 -3.832142502466137635e-01
-4.038217591112723825e-01 9.678835356673654022e-02
9.709230112432129522e-02 1.277718980885209632e-01
1.284741095700170921e-01 -1.632791016262616635e-01
-1.647537738990123013e-01 2.844492280524053007e-01
2.925163662860190694e-01 -9.699765013049088669e-03
-9.700069232446789647e-03 3.176843271710975136e-01
3.290693816299865015e-01 3.490131064210377221e-01
3.643195312813386488e-01 4.168613501884481654e-01
4.438872040532083618e-01 -1.436367856538074417e-01
-1.446370122497125932e-01 1.726667795154191165e-01
1.744140960830672105e-01 4.274924905071707526e-01
4.568244142827476706e-01 1.404217259624730707e-01
1.413557590439675216e-01 1.688719922982054866e-01
1.705053150223422853e-01 1.501026042335119604e-01
1.512454035573436717e-01 3.612691427277808787e-01
3.783447823674244148e-01 -3.239702990051081255e-02
-3.240837133392240887e-02 -1.120585332561528508e-01
-1.125311431274311075e-01 4.975987476793803516e-02
4.980100512159599258e-02 2.915268137826880213e-01
3.002340807447169690e-01 6.533289008643310136e-02
6.542608421886982051e-02 -2.034201111389335459e-01
-2.062977251849145155e-01 4.572114072848886684e-02
4.575303958427429096e-02 3.948273045667291536e-01
4.175060131434270572e-01 4.049206564946655207e-01
4.295206804215270235e-01 3.602065776384368034e-02
3.603624869089475102e-02 -3.810307253496887925e-01
-4.012648837042728234e-01 1.997438547116701102e-01
2.024657502766846751e-01 2.631512182496760777e-01
2.694910771302803099e-01 4.505612477828680462e-01
4.854042606308482943e-01 3.445744025528033605e-01
3.592740104549382862e-01 2.270236437791405826e-01
2.310491265128412075e-01 -2.464824059781517418e-01
-2.516642103004564923e-01 2.082356381343733465e-01
2.113262997520599651e-01 -1.192345574829611898e-01
-1.198044746929061155e-01 2.542854942219250833e-02
2.543403234386305833e-02 -2.401227560383096260e-01
-2.449043756864555110e-01 -1.220969569631041168e-01
-1.227091692801729750e-01 3.090512581839687245e-01
3.194961410599234664e-01 -1.987573141694217171e-01
-2.014384239656528131e-01 2.275625372606393526e-01
2.316173770552802935e-01 3.346360140332550054e-02
3.347610079029186836e-02 -2.850789153889674576e-01
-2.932016213842070229e-01 1.900661114927444106e-01
1.924057576150215165e-01 6.263809354479826785e-02
6.272020776724329671e-02 -2.335523215994479151e-01
-2.379434583389705427e-01 -4.769687839951577968e-01
-5.190529994273512804e-01 -3.892360005907212206e-01
-4.108993018052680135e-01 7.278405729043319582e-03
7.278534258104013555e-03 -1.373456292873252438e-01
-1.382191588360594803e-01 -2.269110958003749678e-01
-2.309304658250697362e-01 -2.654789686919253322e-01
-2.719936660843497167e-01 -3.869906803072930002e-01
-4.082557808703591862e-01 1.533237208162777365e-01
1.545424100749713259e-01 3.896410456762207652e-01
4.113767592221886926e-01 7.885308413692482254e-02
7.901712770365972027e-02 -3.381289982803301064e-01
-3.519784859066531491e-01 -1.440568565450541794e-01
-1.450659588718160031e-01 -4.077345649621791357e-01
-4.328910476752387271e-01 -5.003705263967761496e-01
-5.498003016355190731e-01 -5.124683887796899207e-01
-5.660715789208632387e-01 -5.131836723962400759e-01
-5.670421006760507643e-01 -5.088273074530116347e-01
-5.611461142829617943e-01 -4.562299320206395503e-01
-4.925398241409012501e-01 -3.484425986678915121e-01
-3.636700378845619808e-01 2.330345622235248104e-01
2.373958974945441780e-01 4.058235824777554623e-01
4.306011576341464142e-01 4.588920243588057168e-01
4.959068474776880953e-01 5.359919229993483913e-01
5.985148479130429910e-01 5.109294515596304320e-01
5.639867606868613770e-01 -1.098716476113470036e-01
-1.103169931713821328e-01 -2.089142822187669557e-01
-2.120358100602740548e-01 4.753255875140738329e-02
4.756840482652219260e-02 -2.011446706486443026e-01
-2.039252042933748510e-01 -8.991490102267006568e-02
-9.015839461040012215e-02 2.485419210265572276e-01
2.538581308843120277e-01 -1.814166105210620883e-01
-1.834471211650258171e-01 3.342901605664194697e-02
3.344147671118598286e-02 -1.420851373911768412e-01
-1.430530358659323209e-01 1.054178256884633624e-01
1.058109501759895293e-01 5.175012846668777811e-02
5.179639976246527139e-02 -2.263581578869599542e-01
-2.303475894671140889e-01 1.605191732407442173e-01
1.619195548684318475e-01 -2.925394215640564899e-01
-3.013410988603054674e-01 2.029241011902543079e-01
2.057803589106592668e-01 7.621400272881151405e-02
7.636208405419597778e-02 -2.918691269593205462e-01
-3.006082293749841039e-01 -4.763381571444466056e-01
-5.182369723688378116e-01 -6.003231729988779859e-03
-6.003303847953167516e-03 2.992887011210977333e-01
3.087381401730577291e-01 -2.793577205552751422e-02
-2.794304255424465144e-02 3.326818422430266597e-01
3.458408416893948845e-01 1.713384342410126104e-01
1.730452535168175987e-01 -1.661161426719589829e-01
-1.676699184338170945e-01 -1.437164121769670677e-01
-1.447183171470755592e-01 1.887649124551634972e-01
1.910561363273659274e-01 1.093296951910382175e-01
1.097684514857702742e-01 -2.869630188596162812e-01
-2.952535933910811483e-01 -2.389338716281908248e-01
-2.436431285331261964e-01 -2.798936362845873549e-01
-2.875666641631376419e-01 7.796263921038008339e-03
7.796421883604603975e-03 2.630316230764055407e-01
2.693625883356244310e-01 3.223035674441416809e-01
3.342155866927351004e-01 1.204213459004582071e-01
1.210085522947887682e-01 2.201716427980473789e-01
2.238364890253141670e-01 6.550331441751638950e-02
6.559724102071790020e-02 -1.444265054978772500e-01
-1.454434620326770511e-01 -2.629186893540617076e-01
-2.692412643389542337e-01 1.484247670054227863e-01
1.495293324295748072e-01 -1.204697287644820314e-01
-1.210576473875918380e-01 -1.983031126152293988e-01
-2.009655858441328768e-01 2.908969178456655702e-01
2.995458170179843838e-01 4.724751732735649745e-01
5.132520630005105167e-01 1.068253454188628632e-01
1.072345018939262901e-01 1.226579797421124274e-01
1.232787218334706059e-01 3.270293041386000410e-01
3.394981654717451613e-01 4.851286288959583692e-01
5.296697808249928308e-01 4.670739752693124913e-01
5.063212894675573894e-01 -1.588579543086271473e-01
-1.602148651703181048e-01 -2.778698804631676289e-01
-2.853722355799078736e-01 -1.585472244816486798e-01
-1.598961069323624751e-01 -3.993973609227345345e-01
-4.229317084194921250e-01 -2.807741539991006618e-01
-2.885222811187991843e-01 -2.964420659740128472e-01
-3.056143473684914680e-01 4.667461632951987183e-02
4.670855456040023945e-02 -3.759539629889217111e-02
-3.761312395283079174e-02 2.696878236102528970e-01
2.765271297174500820e-01 2.053525721372712054e-01
2.083144323969330358e-01 4.425452287032468068e-01
4.753914899766508162e-01 4.121662919796909019e-01
4.382180416157162028e-01 4.901438215788185837e-01
5.362496179892771719e-01 3.057635408061613602e-01
3.158653078124103453e-01 -1.488009234256059410e-01
-1.499139841879549295e-01 8.342466618516217181e-03
8.342660162784190647e-03 -2.573973461900830872e-01
-2.633190749916074491e-01 -2.461686558294541860e-01
-2.513301932399037986e-01 -1.222980151734402721e-01
-1.229132752475904644e-01 1.681630225753615593e-01
1.697756233721980645e-01 -2.508454331568960027e-01
-2.563148108495409416e-01 2.334127752016450508e-01
2.377958660817430514e-01 -3.565199221961409815e-02
-3.566710907779797879e-02 -1.175893015695531063e-01
-1.181358215534957234e-01 -1.748822098292872329e-02
-1.749000416359552251e-02 2.101000018430377314e-01
2.132759642449668647e-01 1.580846432570134075e-01
1.594216335278663688e-01 -2.285898022093913462e-01
-2.327010114133020724e-01 -3.763394768096977594e-01
-3.957882569408605056e-01 -4.929225067105826863e-01
-5.399135265712833309e-01 -7.359878117360912908e-02
-7.373210423476975195e-02 7.914976969793757755e-02
7.931567657774993285e-02 4.153457903427742459e-01
4.420542885798453003e-01 -1.584705518085470777e-01
-1.598174582046154035e-01 4.772015649329008902e-02
4.775642905867519272e-02 9.908398013875367727e-02
9.941016048499545787e-02 -2.711460874577259483e-01
-2.781004429832191760e-01 -1.620574669302354276e-01
-1.634989347684811245e-01 -1.216055729627478627e-01
-1.222103793708898822e-01 2.111396776454311508e-01
2.143639018559122811e-01 1.085546109613299559e-01
1.089840577216692752e-01 -2.842619569792284584e-01
-2.923126207331375737e-01 -1.936344204057411922e-01
-1.961104270668924676e-01 1.154251993378202362e-01
1.159419387866629514e-01 4.218185241334559965e-01
4.499020952894122738e-01 3.277193172851253777e-01
3.402710071508760481e-01 8.512246901431139157e-02
8.532896193609254554e-02 3.773474796760379335e-01
3.969631007209227791e-01 9.040552959404662969e-02
9.065304413091436475e-02 1.009776912685405800e-02
1.009811235399814267e-02 -2.325419017880833439e-01
-2.368750099627869032e-01 2.652255658488867351e-01
2.717210691947190004e-01 -9.418281944677305006e-02
-9.446279090990397642e-02 -6.736808473632828476e-02
-6.747027892339618749e-02 6.770577310700576223e-02
6.780951463174240967e-02 -3.249622504181928773e-01
-3.371853165744490566e-01 1.125063118414693503e-01
1.129846390997177041e-01 3.311455570142216726e-02
3.312666785626367655e-02 1.633279949420739507e-01
1.648040068290699545e-01 5.061892932751578533e-02
5.066222913736566358e-02 -1.980549211121079498e-02
-1.980808233858439085e-02 3.077193447072386068e-01
3.180242480496204838e-01 2.206081666810059960e-02
2.206439656356243284e-02 -1.104896705705477877e-01
-1.109426110129576870e-01 -2.736687638974358849e-01
-2.808253232679044920e-01 2.024291431914799211e-01
2.052641981439964902e-01 2.663798472633479575e-01
2.729631017273707050e-01 7.130585651006362581e-03
7.130706506834144642e-03 2.766869644411482643e-01
2.840907981934834847e-01 -1.043964997856247461e-02
-1.044002926294404499e-02 3.316967238814487740e-01
3.447335318650044389e-01 2.838644401548620633e-01
2.918802120201097750e-01 -1.494925552398126134e-01
-1.506213512359629858e-01 -3.048028498003810816e-01
-3.148058803520041860e-01 -2.584813320412335802e-01
-2.644803218830296676e-01 -3.938346692427079354e-01
-4.163306053519957306e-01 -3.404773980291164182e-01
-3.546324268695347226e-01 -1.660301949256047793e-01
-1.675815329905928075e-01 -4.257808248376982463e-01
-4.547318640946285684e-01 -3.464534652943314086e-01
-3.614078064743883045e-01 -2.328481402391721078e-01
-2.371987795605927096e-01 -2.116237044460480415e-02
-2.116553045420710433e-02 -3.164863202741244330e-01
-3.277374588543006673e-01 1.551807919647068754e-02
1.551932501674169185e-02 3.955712557629386117e-01
4.183876626013351419e-01 4.212643378363966074e-01
4.492281509535599460e-01 4.698271716317620195e-01
5.098485289457634906e-01 3.493013173778718450e-01
3.646477564169927632e-01 -1.138996988806964122e-01
-1.143961143218209797e-01 -1.956374878891466718e-01
-1.981923657615812240e-01 1.720294309977061231e-01
1.737572362620684596e-01 -1.406990000251871487e-01
-1.416386216868737447e-01 -7.657239884091449067e-02
-7.672258401961250251e-02 -4.684818842271565309e-02
-4.688250702349388427e-02 9.723144298075295233e-02
9.753960004041174747e-02 -2.448209753332346583e-01
-2.498960818707611775e-01 2.708655861546628574e-02
2.709318583681492865e-02 3.366924313140737257e-01
3.503573598124781197e-01 3.207432106781733516e-01
3.324753259743843392e-01 -3.309316508016466041e-02
-3.310525376804329678e-02 -1.582387222689476680e-01
-1.595796657344234759e-01 1.715027839598302628e-01
1.732145788657108998e-01 3.865915439549424959e-01
4.077864254852482939e-01 5.636874093339459130e-02
5.642855768243026926e-02 -1.337967841714787498e-01
-1.346038621071224128e-01 3.625135016304337904e-02
3.626724272562548146e-02 -2.504919509785136778e-01
-2.559376284906657584e-01 -4.724959286192022545e-01
-5.132787834997661891e-01 1.096226796807075847e-02
1.096270711646868401e-02 -3.367998426591209404e-02
-3.369272780651493687e-02 3.735506870724069062e-01
3.925432712593156515e-01 8.285851354114463774e-03
8.286040984553044719e-03 6.278576533312621444e-02
6.286846261043055328e-02 2.650967690184948267e-01
2.715825317335749389e-01 -7.209680981261192001e-02
-7.222211939432116035e-02 -2.935334269656938999e-01
-3.024284780087689306e-01 1.698736113991548558e-01
1.715365164454755731e-01 4.383157491729191557e-01
4.701441143318085825e-01 3.372461771196113012e-01
3.509820366416441795e-01 4.312335459143669392e-02
4.315011552785363858e-02 -2.307013140768262860e-01
-2.349300788039569987e-01 -1.559134964461428019e-01
-1.571956173310798677e-01 -1.331989076192433841e-01
-1.339951370351268045e-01 -2.924191015551244610e-01
-3.012095233391930971e-01 -1.611723575240177897e-01
-1.625900867499380786e-01 -1.557270684740741096e-01
-1.570045502574154428e-01 -7.970376426327911712e-02
-7.987318828235921708e-02 -3.305387444925559914e-01
-3.434329587875211143e-01 5.815769355797745926e-02
5.822339620399702431e-02 2.287398591875361431e-01
2.328593474013794795e-01 3.976865661553234399e-01
4.208978660043548592e-01 -7.479125232095898412e-02
-7.493117629977680272e-02 1.992301430159862038e-02
1.992565092032458351e-02 1.285551104756290919e-01
1.292704018042842851e-01 -3.141559443536542928e-01
-3.251497966809849816e-01 -4.695583801875375385e-01
-5.095036542382622713e-01 -5.434486387006877139e-01
-6.090366813777075006e-01 3.926746781297985739e-02
3.928766912067005457e-02 -2.677563173127355256e-01
-2.744452896722884283e-01 1.575959202555748950e-02
1.576089692901445904e-02 3.887993160356526534e-01
4.103847472584076228e-01 2.809801051064562682e-01
2.887458717291284671e-01 1.106939225700363377e-01
1.111493920581763384e-01 3.452071521828319889e-01
3.599921869651898088e-01 1.324439805591096642e-01
1.332266526916553451e-01 -2.067273625752516775e-01
-2.097501738703190233e-01 -1.245103825834982178e-02
-1.245168173952664048e-02 1.218049523397306683e-01
1.224127563916121292e-01 1.924198667942792484e-01
1.948488682532698302e-01 -2.504982312627485053e-01
-2.559443292315894958e-01 2.341403381234380410e-01
2.385654901378497228e-01 1.626128719548861623e-01
1.640693723848858365e-01 2.630596892980037738e-01
2.693927409044390431e-01 -2.020400422879272684e-01
-2.048585048533217712e-01 2.202878079937318490e-01
2.239585755561027680e-01 1.783209936252327099e-01
1.802480009202715450e-01 1.612536585449458049e-01
1.626735571356890953e-01 -2.466026345078444482e-01
-2.517922196500718135e-01 1.069332156434590758e-01
1.073436185782251640e-01 -6.113424274035719058e-02
-6.121057493443918252e-02 2.644595106810164187e-01
2.708972284941763564e-01 -2.393742131003452345e-01
-2.441101830362907843e-01 -1.940240808534750838e-01
-1.965152984486417398e-01 -1.947381516278006430e-01
-1.972574091851398981e-01 -2.673503934624414310e-02
-2.674141181234165193e-02 1.201860466850549897e-01
1.207697975862549178e-01 2.908237237534002095e-01
2.994658584529604761e-01 5.353724813090546958e-02
5.358848642250298167e-02 -3.418215467461851453e-01
-3.561536164909855917e-01 -6.060500353626813858e-02
-6.067936753537797601e-02 -3.163508433197076974e-01
-3.275869087109693489e-01 1.367897856302531523e-01
1.376526722648629963e-01 -2.725845784292155738e-01
-2.796537396435813116e-01 -8.000132752045838874e-03
-8.000303433763220062e-03 9.713820328954940464e-02
9.744547131368193338e-02 8.777352671300901743e-02
8.799998246736306928e-02 -1.424805069720422868e-01
-1.434565748578574829e-01 -2.457077570801658728e-01
-2.508396219821424911e-01 -1.017409092071840243e-01
-1.020941529778589679e-01 -5.677229453364793232e-02
-5.683340689620693109e-02 3.467417731642443712e-01
3.617354774301191900e-01 3.210591628871022341e-01
3.328275492892412979e-01 2.664506871743651528e-01
2.730393537881623534e-01 6.585241007470041263e-02
6.594784905789849438e-02 -2.684473345396144392e-02
-2.685118470395557108e-02 -1.892994064678657773e-01
-1.916104372782976017e-01 -2.625913591927639956e-01
-2.688896592896855564e-01 9.203455096633764154e-02
9.229573486555539552e-02 -1.612282782053996166e-01
-1.626474993283311687e-01 3.032452889565835363e-01
3.130896905027734101e-01 -2.609572397369228081e-02
-2.610165000981756744e-02 2.964410791850258797e-01
3.056132655082132721e-01 -4.957938693413674325e-02
-4.962007090952882948e-02 -5.144293522066685498e-02
-5.148838652049720493e-02 1.818007051044899514e-02
1.818207383619015183e-02 -1.378515941326979299e-01
-1.387348881920986987e-01 2.977980363794456298e-01
3.071016145170199496e-01 3.597000243134431674e-01
3.765413027451580685e-01 7.523421801997159930e-02
7.537664863919486813e-02 -2.602039486002886148e-01
-2.663271544101059041e-01 -3.665297922645348316e-02
-3.666940617329807195e-02 1.857377736872769802e-01
1.879189970974155799e-01 8.166685331390312330e-02
8.184914167601856083e-02 -6.776999623706367326e-02
-6.787403380294423916e-02 2.704736776009589866e-02
2.705396624836516051e-02 -2.840503877387544063e-01
-2.920824678598221147e-01 -1.574214588077573473e-01
-1.587415238239701099e-01 3.006098983351560561e-01
3.101899570389763938e-01 3.664782026929455094e-01
3.843488235656830065e-01 2.076654554712314971e-01
2.107303459848897387e-01 -7.662080637083826251e-02
-7.677127723456300679e-02 1.776880456366385086e-01
1.795943413039713110e-01 -2.927073157503454204e-01
-3.015247158858897492e-01 1.445525835928146820e-03
1.445526842759808916e-03 -1.942370331918134505e-02
-1.942614659883804343e-02 3.725708036891277608e-01
3.914049646825756290e-01 -1.337511224169998791e-01
-1.345573683245160912e-01 -3.011558092417806476e-01
-3.107902090787508231e-01 9.521158387596891093e-02
9.550086442046085144e-02 -2.813753562284593279e-01
-2.891750544367275300e-01 1.091540705567920627e-02
1.091584059610667401e-02 -1.424323594699820061e-01
-1.434074300185080586e-01 -3.119715289852130757e-01
-3.227280247169666549e-01 -3.373108321907685725e-01
-3.510549907364620692e-01 -4.553528629802827132e-01
-4.914327688755774082e-01 -4.706392675671819403e-01
-5.108911739076804626e-01 -5.504453298042358833e-01
-6.190200036103478132e-01 2.529061543115081537e-03
2.529066935223367452e-03 1.850871097779024366e-01
1.872451684315982745e-01 -1.148472871436692633e-02
-1.148523369571800845e-02 -2.032703900803277119e-01
-2.061415462372187535e-01 -1.277851503786051890e-01
-1.284875818263630787e-01 2.839935482163896685e-01
2.920206408463398295e-01 -1.313910507846997311e-01
-1.321550749682160186e-01 -4.212609883733580696e-01
-4.492240788450609368e-01 -1.323568701444851614e-01
-1.331379879961515078e-01 1.797987359093460580e-01
1.817746929843482573e-01 4.536416578961623425e-01
4.892760552059751133e-01 4.091770725553508514e-01
4.346224095724716685e-01 2.189490386005961756e-02
2.189840357615446820e-02 -3.333310739412598811e-01
-3.465710484660436408e-01 1.599786056984969229e-01
1.613647398236969788e-01 4.725324649279655925e-02
4.728846379410002465e-02 -1.363325147928567682e-01
-1.371867117453495766e-01 1.075380289470754813e-01
1.079554678490109443e-01 3.498244326642304097e-03
3.498258596917540320e-03 -1.749740262376241751e-01
-1.767932259084131208e-01 -3.492926462297725188e-01
-3.646378802998218038e-01 -1.260799546569470464e-01
-1.267544618484639507e-01 -2.442077505805463067e-01
-2.492438626854989181e-01 5.092083122084806873e-02
5.096491122052952683e-02 2.610873026285637222e-01
2.672748943105782149e-01 3.695880747340586914e-01
3.879459214430733272e-01 2.784682915807754067e-01
2.860208339979719572e-01 4.626830241831033641e-01
5.007197620548287098e-01 3.744548239915028720e-01
3.935944443505279278e-01 4.257103071908454467e-02
4.259677577488386879e-02 -1.202975612052927940e-01
-1.208829480463121386e-01 2.760125337352375974e-01
2.833606030430740330e-01 3.026447137704681989e-01
3.124284274241111992e-01 8.441327179594804164e-02
8.461463180213146806e-02 1.711162612792386239e-01
1.728163699617565885e-01 1.448553297459057310e-01
1.458814494199523470e-01 -1.085267216061024526e-01
-1.089558358828046497e-01 3.260667710070980774e-01
3.384207427291198722e-01 3.313490643538037350e-01
3.443429438014974364e-01 4.188376948432303015e-01
4.462816089960858768e-01 4.575090297915555548e-01
4.941563365518609752e-01 -1.598815903255383919e-01
-1.612651778917730261e-01 8.023033473433307530e-05
8.023033490647812904e-05 -2.145791953649029207e-02
-2.146121382465501423e-02 -1.932241430182540520e-01
-1.956842025295870147e-01 2.641569706446558752e-01
2.705719659914771480e-01 3.357920150767673140e-01
3.493421669518654848e-01 -1.111696538763725928e-01
-1.116310505973899248e-01 -3.515901012568924955e-01
-3.672569874657874434e-01 -6.932097072944763683e-02
-6.943233024341437243e-02 8.410880068345959193e-02
8.430798350816778863e-02 -1.598482295016132038e-01
-1.612309421112098073e-01 8.509068254646354190e-02
8.529694355496936220e-02 3.444566186687032516e-01
3.591403639405772452e-01 3.529911866045601920e-01
3.688565989177301496e-01 2.458917806538041539e-01
2.510354787371362195e-01 4.384615020954614750e-01
4.703245428317301413e-01 2.197720049965740108e-01
2.234165304270560592e-01 -1.064666236327586196e-01
-1.068716532938147334e-01 -7.821320215749899551e-02
-7.837327476798763848e-02 3.039070008421795865e-01
3.138185753415007051e-01 1.993362829832937555e-01
2.020412776373697039e-01 -8.311524969222786052e-02
-8.330743764544501495e-02 2.980467403124005266e-01
3.073745429669104690e-01 4.674198548594460934e-01
5.067637716312538565e-01 3.187701785233982843e-01
3.302775863346832375e-01 3.650153995515811878e-01
3.826601209709498130e-01 -1.863300381600655198e-01
-1.885324938635733194e-01 -1.715284061281255323e-01
-1.732409776220447672e-01 8.975848532385188872e-02
9.000070626674593066e-02 -1.103415970189182832e-01
-1.107927099251114628e-01 4.412068308341105666e-02
4.414934551857627176e-02 3.135758495206585339e-01
3.245063108763575066e-01 3.549082992143623994e-01
3.710482883580620284e-01 4.580127866029341105e-02
4.583334568418744037e-02 3.549431868713517346e-01
3.710882043199018043e-01 3.398689722530604529e-01
3.539443820286878317e-01 3.755007217954412502e-01
3.948114656740957518e-01 3.896592536923491612e-01
4.113982265658359672e-01 3.024188780815319222e-02
3.025111232961100183e-02 -2.650199659047359213e-01
-2.714999250066657543e-01 -3.028929030075642737e-01
-3.127016639708847245e-01 -2.523392489988711129e-01
-2.579095734792119510e-01 -4.223463416839040585e-01
-4.505443291247750448e-01 1.604957694276541169e-01
1.618955321669292013e-01 3.514777893873596848e-01
3.671288395779571112e-01 2.402013455185176005e-01
2.449877754844739519e-01 2.004809223963248954e-01
2.032335651228871776e-01 1.538958298807097946e-01
1.551283448523048392e-01 2.955712527701978010e-01
3.046599059818816402e-01 4.003173402734926389e-01
4.240267733490000190e-01 1.784050122007208861e-01
1.803347802375487308e-01 -2.737530674436516875e-01
-2.809164541252673897e-01 -5.713864660922354094e-02
-5.720095126253621487e-02 3.397882517091331822e-01
3.538531225183436657e-01 5.840639568204865004e-03
5.840705983614163932e-03 1.569670678451666190e-01
1.582756203610115042e-01 2.729305189277921873e-01
2.800274856059848383e-01 2.690572647037128284e-01
2.758472366765193362e-01 -6.426504959487923385e-02
-6.435374095460495714e-02 -2.941156569868845772e-01
-3.030657232608325868e-01 -2.157629291110734482e-01
-2.192078614638112155e-01 5.175249143082215342e-02
5.179876907208011416e-02 1.887186237666833855e-01
1.910081377642202649e-01 3.801815504796989265e-01
4.002718580065908749e-01 -1.705627604215220194e-01
-1.722462288709102063e-01 -2.079183065191160251e-01
-2.109946071623922115e-01 2.760512284711971742e-01
2.834024892390787365e-01 1.482667799694599615e-02
1.482776459169102279e-02 3.961819064082074127e-02
3.963893843472474088e-02 -3.552230957109528964e-01
-3.714084969507993605e-01 -4.080937480555276164e-01
-4.333219263925801590e-01 7.433149291791876778e-02
7.446884661354497004e-02 -1.203225021282271628e-01
-1.209082552788798282e-01 -4.595677299155015438e-02
-4.598916800382574221e-02 2.297324458481886655e-01
2.339069867933340485e-01 -4.260987286582650080e-02
-4.263568850724869241e-02 -6.967095588127261707e-02
-6.978401392166151684e-02 3.334880236441103429e-01
3.467476269770253250e-01 4.912866586592305046e-02
4.916824927745894191e-02 -9.934656074393863334e-02
-9.967535154501702688e-02 2.295351067876815476e-01
2.336986624407304536e-01 2.368443896152847283e-01
2.414283059691744449e-01 3.849035662232911520e-02
3.850938145447090066e-02 2.920542884070104206e-01
3.008106450689291278e-01 -1.459237829210218718e-01
-1.469729755209577549e-01 2.948112768895583269e-01
3.038273860188823172e-01 4.355352164995097697e-01
4.667075177395448304e-01 4.823019370389733385e-01
5.259796695109286713e-01 1.926551983025578119e-01
1.950932595184769747e-01 -2.415411022650857525e-02
-2.415880921021945626e-02 5.156286380955486803e-02
5.160863407201233405e-02 1.954031764849256392e-01
1.979487410206753339e-01 -1.565282529527120547e-01
-1.578257522787385181e-01 2.615804285417024921e-01
2.678041671308976079e-01 2.997046233097414025e-01
3.091950460266786882e-01 4.772081422394032768e-01
5.193628937833345560e-01 5.496780062906141406e-01
6.179197909964047053e-01 3.625998425337336184e-01
3.798760768743027483e-01 3.801913225038356381e-01
4.002832811518680645e-01 3.450014295356405025e-01
3.597586508757213974e-01 -1.070994513236638440e-01
-1.075117801282523267e-01 2.017612732028120637e-01
2.045678891433567737e-01 -1.294298123263346867e-01
-1.301599041948281466e-01 -2.064726732727555636e-01
-2.094841288140353308e-01 3.747945187179947679e-02
3.749701592263444960e-02 -5.952817167164804572e-03
-5.952887483400171043e-03 4.149847788140546140e-02
4.152232436317433023e-02 3.120601104635938872e-01
3.228261600500735851e-01 -1.762707028630413897e-01
-1.781311692182284689e-01 -1.536878454965877605e-01
-1.549153220674862330e-01 -3.665749567646165441e-01
-3.844605929273042788e-01 -4.092789871396548262e-01
-4.347448247266415544e-01 1.490862591474159116e-01
1.502057934653661109e-01 3.210507546343709384e-01
3.328181747431062654e-01 4.194642316182002895e-01
4.470416809879769193e-01 -7.587893994610100945e-02
-7.602507230714966591e-02 -3.367356988074678426e-01
-3.504061601055586950e-01 -1.914956681565448404e-01
-1.938893120153175609e-01 2.408430294048487241e-01
2.456688608146787578e-01 4.008512891179188409e-01
4.246627809574660684e-01 -6.262761381061267285e-02
-6.270968676046989598e-02 -3.796829234602922543e-01
-3.996891125286005098e-01 5.412208167034274209e-02
5.417501953645520452e-02 4.158096496286592392e-01
4.426149824259081877e-01 3.334590329711695222e-01
3.467150090395886286e-01 4.844901858477637102e-01
5.288351708504105408e-01 -4.019500782302442426e-02
-4.021667570082668175e-02 -3.461046277174986002e-02
-3.462429248768303380e-02 -1.388540617527588561e-01
-1.397569191144407974e-01 9.986908559205478000e-03
9.987240604978686598e-03 1.317981513779853397e-01
1.325693496193584564e-01 2.874257929514119625e-01
2.957579686855356660e-01 -8.488352813638648520e-02
-8.508828202191867640e-02 -2.089723209288483485e-01
-2.120964982532201060e-01 8.385187714804431466e-03
8.385384247782665113e-03 1.599048999606038080e-01
1.612890990926698354e-01 4.515858365879880099e-01
4.866905720210408237e-01 5.189635126030643919e-01
5.749201785174862245e-01 1.418838290476071018e-01
1.428475857303999064e-01 3.055277064140096352e-02
3.056228268604421761e-02 5.636157649270278486e-02
5.642137040754247046e-02 -2.360930956626290655e-01
-2.406325132581627335e-01 -1.221702262433724123e-01
-1.227835480397374973e-01 4.227457426475964009e-02
4.229978482548760882e-02 2.969821282723242861e-01
3.062065456825394105e-01 -1.160963533912923173e-01
-1.166222088652558442e-01 -1.286040057729677666e-01
-1.293201190622824404e-01 2.614958366673846846e-01
2.677133641320967872e-01 1.568226593422468451e-02
1.568355172196016223e-02 5.809412194342160329e-02
5.815960907688251524e-02 -2.264201446496370562e-01
-2.304129247993902674e-01 -4.237375732001603112e-01
-4.522388137409242281e-01 -2.808661960171557892e-01
-2.886222029713094717e-01 -2.969634373432865626e-01
-3.061860469085332936e-01 2.248827850553225538e-01
2.287930848623346836e-01 7.325172344708488770e-02
7.338316528136645811e-02 -1.740467520896008813e-01
-1.758368255865118690e-01 -9.175120594668782770e-02
-9.200997681692106578e-02 -1.120523886239321310e-01
-1.125249203594830827e-01 -3.592476751903727616e-01
-3.760218260808697033e-01 7.248107106374250541e-02
7.260839922932707524e-02 3.612600885858395783e-01
3.783343691780333140e-01 2.674944581379613828e-02
2.675582859001696123e-02 -2.621343355724333746e-01
-2.683988512481342292e-01 -3.968239812721470750e-01
-4.198736472541692022e-01 -2.935299501274299949e-01
-3.024246733586045677e-01 -3.797110516000683500e-01
-3.997219790246140936e-01 -3.248821545931253052e-01
-3.370957665565242900e-01 1.893233315896852564e-01
1.916352517197861816e-01 -1.039792427691073329e-01
-1.043564227808907591e-01 2.042022993043536017e-01
2.071138128715903082e-01 3.037069807053209280e-01
3.135982163586842342e-01 2.304281504320108975e-01
2.346415784505299362e-01 2.420888951846493775e-01
2.469918656795218326e-01 2.500685746005388288e-01
2.554859594613181351e-01 3.640123296144813780e-01
3.815033503517207825e-01 3.250302885630497740e-01
3.372613897657127935e-01 4.908193575703304612e-01
5.371391509495566652e-01 2.469836509569055538e-01
2.521979477265604563e-01 -1.188701406779513053e-01
-1.194348185767202392e-01 -3.542126889653457456e-01
-3.702526567015265169e-01 -4.084581123257680080e-01
-4.337591753689858942e-01 -1.207594893355757176e-01
-1.213516855945663553e-01 -2.231841224690447045e-01
-2.270046588877719096e-01 7.262753315462273929e-02
7.275563639558221829e-02 3.849373255766842528e-01
4.058429965304142240e-01 4.990165003528920090e-02
4.994313330838201503e-02 -1.153500012118566925e-01
-1.158657259400881767e-01 -3.000246323562755779e-01
-3.095466729463113298e-01 -2.332127859562404537e-01
-2.375843637362628491e-01 1.737495418338576292e-01
1.755303472500169271e-01 -1.874896002683699159e-01
-1.897340322050152517e-01 -1.966739461078336471e-01
-1.992702998318336693e-01 -3.320027258129251702e-01
-3.450774022671457830e-01 -3.587419258805313871e-01
-3.754412542391862284e-01 -2.219176353355666997e-03
-2.219179996324677218e-03 3.498323259816217279e-01
3.652526855450402565e-01 4.143061803862914116e-01
4.407985985196056777e-01 4.810550601158729012e-01
5.243561012774295982e-01 4.070027770540570744e-01
4.320136574630668025e-01 2.107210812801802169e-01
2.139258142537699414e-01 -2.443223746589704704e-01
-2.493657598071500614e-01 -4.094293425714164991e-01
-4.349254472206713906e-01 -3.589510625452166370e-01
-3.756813020562427829e-01 2.254252147324687650e-01
2.293644811024214691e-01 2.500703135167798852e-01
2.554878143740182406e-01 -2.898821878474419980e-02
-2.899634264379621906e-02 2.671091674834820684e-01
2.737482902210850444e-01 -1.142172593975374351e-01
-1.147178605464650447e-01 -3.823010046378875204e-01
-4.027517539869233110e-01 -7.275165256124860313e-02
-7.288041510523660116e-02 -1.811031860044585162e-01
-1.831230492125672238e-01 2.013928367463833635e-01
2.041838478117149469e-01 -5.153376124571205225e-02
-5.157945396996793663e-02 3.476483475325995443e-01
3.627663134244571985e-01 4.225401913542914389e-01
4.507802875367906137e-01 3.182965270263668489e-02
3.184040839949378587e-02 -1.799747558667359471e-01
-1.819565992923951325e-01 -2.053824563655674562e-01
-2.083456325156973765e-01 -7.579238242647015622e-02
-7.593801411164492754e-02 -1.691976566061341170e-01
-1.708405581592569999e-01 -2.921792426189938063e-01
-3.009472566484213685e-01 -4.769895823663565237e-01
-5.190799232038122435e-01 -4.950239131261423564e-01
-5.426932028349069626e-01 -4.371620869324212011e-01
-4.687169935129412157e-01 -3.394099575714608630e-01
-3.534255132419029111e-01 -2.049333508673067406e-01
-2.078767936920667692e-01 2.223760123491232699e-01
2.261543469136666484e-01 3.737517459895710603e-01
3.927769561475776827e-01 -8.086837122138854084e-02
-8.104535096434883901e-02 -2.958168622407767456e-01
-3.049290478686461081e-01 -2.366214677846237013e-01
-2.411921493339050371e-01 -5.280991515735424663e-02
-5.285909110237901887e-02 3.554992519791518868e-01
3.717245670483861897e-01 3.105607415616733480e-01
3.211658866679626412e-01 2.022492710202888899e-01
2.050766474293864716e-01 9.414739274132481739e-02
9.442704726313377872e-02 -3.035943032042183742e-01
-3.134740943471477914e-01 1.619602960694226379e-01
1.633991447306646361e-01 7.347632311575486019e-02
7.360898035091893721e-02 1.428056236229030551e-01
1.437884440693587007e-01 -3.261227873277824929e-01
-3.384834244907766188e-01 -4.272594612905784572e-01
-4.565393108593428506e-01 -1.544901192635223797e-01
-1.557371078840524836e-01 -4.296935998869884643e-01
-4.595208370105007267e-01 -2.124879625993322252e-01
-2.157755194190577319e-01 1.826172078897717876e-01
1.846888576250185765e-01 5.922024295475498273e-02
5.928961819215571027e-02 2.404400148133763737e-01
2.452410737778936145e-01 2.887076288279214007e-03
2.887084309781226543e-03 -3.479396523946725051e-01
-3.630977034482878452e-01 -3.892418875666830425e-01
-4.109062399599183180e-01 6.755923136537700033e-03
6.756025925087422168e-03 1.852690764306963722e-01
1.874335964564745882e-01 4.199740104196494350e-01
4.476604678743008048e-01 3.588227640831307963e-01
3.755340357162622600e-01 4.571331328921454107e-01
4.936810335486240819e-01 2.075288683315399119e-01
2.105876072953508649e-01 -8.792941003850879289e-02
-8.815707823958726652e-02 -2.571474016552658393e-01
-2.630514142374340558e-01 2.305083611383063613e-01
2.347262885880976868e-01 2.470605165514044299e-01
2.522798084554054854e-01 2.823604053413079074e-01
2.902451198287062661e-01 4.202050133786430219e-01
4.479409730403277612e-01 3.019122913027800226e-01
3.116223519405529885e-01 2.845888023679172818e-01
2.926682344959606330e-01 1.533882940723488991e-02
1.534003254874792554e-02 -3.078570807822758604e-01
-3.181763978178319130e-01 -1.198420395548365630e-01
-1.204207631805140205e-01 -2.417470059541447780e-01
-2.466287238235654322e-01 1.760452144419218934e-01
1.778984594328788527e-01 -2.241969708663716365e-01
-2.280708572542796131e-01 1.717315221763286992e-01
1.734502584230878108e-01 3.244869998356302854e-01
3.366540455266104903e-01 4.492337760723050244e-01
4.837399111610345415e-01 3.461061016764891973e-01
3.610131155893560040e-01 1.109387558296970056e-01
1.113972693165742323e-01 -3.482542085624783512e-01
-3.634556301230871256e-01 -3.949040481298369820e-01
-4.175969327996067459e-01 -8.684331960712962650e-02
-8.706263007881645533e-02 -8.360285011144083511e-02
-8.379844998743929407e-02 -1.333855188890544496e-01
-1.341851237644328398e-01 -3.147613218401799084e-01
-3.258216054956777352e-01 -3.290858876105008379e-01
-3.418027765035475118e-01 -2.047058801523327087e-01
-2.076393624813873962e-01 -2.185698939826167253e-01
-2.221537609558580928e-01 -2.892645658589486080e-01
-2.977634870621514995e-01 1.643316163905135241e-01
1.658353087282475324e-01 3.254055573291347869e-01
3.376810439792732321e-01 5.601463512170922962e-03
5.601522097848254944e-03 -2.911224800780263244e-01
-2.997922487263528502e-01 -7.290256647927184641e-02
-7.303213370683442340e-02 -3.927877353205613264e-01
-4.150920790091049417e-01 4.384222399624118638e-02
4.387034674321527161e-02 1.030002074651735766e-01
1.033667882871300708e-01 1.557273288057763883e-01
1.570048170593201231e-01 -2.760294991902847994e-01
-2.833789676537632474e-01 3.657226206981184502e-02
3.658858067132086944e-02 4.799704485245195190e-02
4.803395307330081410e-02 2.770895742039427567e-01
2.845268378673751486e-01 1.125330541238876020e-01
1.130117242991549725e-01 -2.390875997830864685e-01
-2.438061706541101992e-01 3.220917681823056572e-02
3.222032202342031693e-02 -2.241002654396718752e-01
-2.279690360659388793e-01 -4.161214282019992661e-01
-4.429919943757540945e-01 1.446377909721316690e-01
1.456592553309428717e-01 -1.174495160831705992e-01
-1.179940784800070780e-01 1.404254126873986930e-01
1.413595199289523208e-01 3.208784527255422181e-01
3.326260839735077912e-01 7.768416341636670552e-02
7.784100192586651534e-02 -1.466237823665657858e-01
-1.476882796595541947e-01 8.126878986803828461e-03
8.127057910283091990e-03 3.668849741524330410e-01
3.848187837087190810e-01 -1.493003247533470079e-01
-1.504247323537495351e-01 -2.684641444416568379e-01
-2.752079383941269386e-01 5.308217371526205430e-02
5.313211502548417786e-02 4.402713522022525666e-02
4.405561558403631867e-02 3.851452443894243793e-01
4.060871062715537549e-01 3.083395446420019170e-01
3.187094626415692966e-01 1.200868188653035212e-01
1.206691166625580292e-01 2.647591421438033263e-02
2.648210312700820246e-02 2.400321878891174265e-01
2.448082681697353880e-01 -1.101116751325653675e-01
-1.105599601485422190e-01 1.015482474352172038e-01
1.018994799171182297e-01 -1.675103682337783506e-02
-1.675260385207874569e-02 1.776580716689921402e-01
1.795633902832989293e-01 1.427971224525518279e-01
1.437797659324245025e-01 2.969496518618615633e-01
3.061709282122504483e-01 2.845094064831202654e-02
2.845862097388532352e-02 6.400709623768900680e-02
6.409472213867167811e-02 3.960040395146438019e-01
4.189008334894821495e-01 5.233606897157198068e-01
5.809570556849337208e-01 2.638034156723341184e-01
2.701919278499962940e-01 3.476637193469527265e-01
3.627837985768122553e-01 8.741543379459427998e-02
8.763912072755224159e-02 1.027321829290913369e-01
1.030958973291145608e-01 -8.512130503668025039e-02
-8.532778946303154477e-02 -3.906188054028567058e-01
-4.125300518048631293e-01 -2.143257075545303425e-01
-2.177009540840227353e-01 -3.110328514123674171e-01
-3.216884758510752951e-01 -3.344387372548554005e-01
-3.478176860439043949e-01 -4.607826857600622050e-01
-4.983044935674541542e-01 1.974730918120854578e-02
1.974987664396798959e-02 -2.326089971614989371e-01
-2.369459421534562404e-01 -4.118226291599722533e-01
-4.378041199604735811e-01 -1.132488746961514275e-01
-1.137367853501721482e-01 1.187229263753230152e-01
1.192854969550431743e-01 -2.934984882534617534e-01
-3.023902455044479853e-01 -2.458858539176013436e-01
-2.510291706028690006e-01 -1.459492828332462598e-02
-1.459596471374612070e-02 -2.262310953381740375e-01
-2.302136689476730336e-01 4.966787730066541534e-02
4.970877972199819195e-02 2.881074534624759043e-01
2.965011737737149877e-01 1.092720809116092678e-01
1.097101405844045363e-01 -1.466768512484738739e-02
-1.466873713406677965e-02 -2.727862783495172971e-01
-2.798716422215590249e-01 -9.921069607134903878e-02
-9.953813442652466315e-02 -2.873827199336035365e-01
-2.957110174380202516e-01 2.048404521674848655e-02
2.048691094680529790e-02 -4.202750726118707758e-02
-4.205227807286584379e-02 2.196184547407881993e-01
2.232551930626207881e-01 1.963457794005021850e-01
1.989289515735399583e-01 -1.963850230661973173e-01
-1.989697691388782608e-01 1.224577067780230899e-01
1.230753948103705392e-01 -1.847876310714023085e-01
-1.869350842765933884e-01 8.602261046233848629e-02
8.623574349983736953e-02 3.996378149910815858e-01
4.232178318883424994e-01 4.778034377821577805e-01
