0.000000000000000000e+00 3.213332524092689102e-01
3.331331686477216891e-01 -1.494429764167688746e-01
-1.505706394812195148e-01 -6.701824029297759333e-02
-6.711884779257233646e-02 -1.195076122788289175e-01
-1.200814766173018966e-01 -1.492617427882763637e-01
-1.503852709992127834e-01 6.142455508314810242e-01
7.157109751647765528e-01 -6.922744579975550483e-01
-8.523102239572375449e-01 5.406644208943478525e-01
6.050939962046941734e-01 -4.068111518264245219e-01
-4.317840085031591779e-01 4.523752202306440817e-01
4.876826170799017923e-01 -6.108766943081324063e-01
-7.103187828990661368e-01 6.584683583053581035e-01
7.901047249747407131e-01 -3.146778461567986684e-01
-3.257289526994650020e-01 3.395105562505648655e-01
3.535392140348763701e-01 -2.103725806058849013e-01
-2.135611479285646208e-01 4.157792337576524111e-01
4.425782089764307425e-01 -5.004838884403897126e-01
-5.499515372095892252e-01 3.351532761414755673e-02
3.352788507949644448e-02 2.743143147876868013e-02
2.743831515285666267e-02 -6.487467052077358631e-02
-6.496591421343665684e-02 -2.795698276753984524e-01
-2.872153665686137947e-01 8.709255081950288691e-02
8.731376069932786366e-02 1.417098022124164969e-01
1.426699880560470535e-01 -3.261597008998809999e-01
-3.385247318484979062e-01 1.578663160080328864e-01
1.591977181902767824e-01 2.394095840434622424e-01
2.441477042639806361e-01 -1.965844962453954514e-01
-1.991772524746422413e-01 5.930259615450722555e-01
6.823206056077044668e-01 -8.084957295997389215e-01
-1.122670290991499398e+00 8.489650151113738996e-01
1.252434906123203184e+00 -4.890181152370595141e-01
-5.347690298193977787e-01 2.687439111973475292e-01
2.755094593215868248e-01 -5.531928587385380736e-01
-6.229704749393155661e-01 5.977176648791013847e-01
6.895886310703389643e-01 -7.140358403813448218e-01
-8.953697611824151803e-01 4.216902698716678000e-01
4.497460915934650139e-01 -4.261233322448557126e-01
-4.551502883948996270e-01 -5.166765457061914951e-02
-5.171370475565759128e-02 6.164177227537290804e-01
7.192067783347718679e-01 -8.177582432364463028e-01
-1.150012573444710640e+00 5.412936929960769916e-01
6.059836259484271404e-01 -6.750948371887808275e-01
-8.200458644311922063e-01 4.117709856410781133e-01
4.377419305766272473e-01 -5.366394775521421412e-01
-5.994238681610216668e-01 7.067937830118294906e-01
8.807478675607898211e-01 -3.918737325210088218e-01
-4.140117951026022758e-01 4.989456786943896605e-01
5.479013690582027474e-01 7.512030199628699778e-02
7.526208514600579713e-02 -4.359737793580807930e-01
-4.672488745121265996e-01 7.456905603312059538e-01
9.631768504931029762e-01 -3.693601013905550290e-01
-3.876819072260613286e-01 -1.168765263939346710e-01
-1.174131137706011935e-01 -1.380231472083389976e-01
-1.389097686697741696e-01 -1.426172835387980453e-01
-1.435961883981710374e-01 -1.407949570389481209e-01
-1.417365179984507451e-01 1.370668475347099624e-01
1.379350281647757914e-01 -4.999967894336398433e-01
-5.493018635880704270e-01 5.600002508321939576e-01
6.328335520972308004e-01 -7.662658012279988107e-01
-1.011219156556229848e+00 8.343209396134517730e-01
1.202188543013323674e+00 -8.030137783578952249e-01
-1.107040539845946858e+00 5.700584103910552036e-01
6.476093701894964916e-01 -4.478571232430442750e-01
-4.820165243970000457e-01 1.701012730793137195e-01
1.717709523226997881e-01 -3.408883811063799230e-01
-3.550973739626837045e-01 -2.106311002082626727e-02
-2.106622576550035153e-02 5.226025153132382028e-01
5.799134428702928945e-01 -2.846611546553253214e-01
-2.927469648368520860e-01 6.604800489516688966e-01
7.936646572066214933e-01 -3.137343774066028712e-01
-3.246821363947252626e-01 3.713398768544720063e-01
3.899763936406782094e-01 -5.540628706172505691e-01
-6.242250054089573119e-01 4.633041012779042234e-01
5.015103016792109569e-01 -6.513614963268381519e-01
-7.776598983223121930e-01 5.236321411098391332e-01
5.813309806630376775e-01 -5.322493827820805601e-01
-5.932784174239060793e-01 6.775803636445114631e-01
8.246269294516708204e-01 -7.583244711743002409e-01
-9.922602965279574416e-01 4.358338297154749075e-01
4.670760945881491377e-01 -2.736598791872570796e-02
-2.737282242810299554e-02 5.677315849269581188e-02
5.683427364892229550e-02 3.082616046541487576e-01
3.186233364215218522e-01 -6.400620330575335082e-01
-7.582788212921484083e-01 4.440319962978468427e-01
4.772418660059495332e-01 -4.391756572957068450e-01
-4.712090132789226726e-01 5.841445591276785976e-01
6.687310641594969018e-01 -2.239989917798626273e-01
-2.278624099637702738e-01 4.959568506179086178e-01
5.439297183442677319e-01 -4.094605068310699231e-02
-4.096895682704707053e-02 1.400401189398238766e-01
1.409664972962043072e-01 2.179433614128712116e-01
2.214958900511215523e-01 -4.655838194823032072e-01
-5.044170269898039516e-01 5.084243142579490948e-01
5.606024837287659768e-01 -5.255383643418958250e-01
-5.839609449511742323e-01 2.125450064880384515e-01
2.158352614525478330e-01 -3.771427360813377483e-01
-3.967243844944796649e-01 4.596089910348095248e-02
4.599330284943786012e-02 2.359477931321197208e-01
2.404786390653639860e-01 -6.286188861506153414e-01
-7.391294145680347150e-01 2.562027019552859941e-01
2.620400860331135728e-01 9.752984476045649387e-02
9.784085865480396382e-02 2.419341105510298406e-01
2.468274513705199513e-01 -6.092160549996580299e-01
-7.076737900511740342e-01 2.840396326438411334e-01
2.920707688722494755e-01 3.398540518922575360e-01
3.539275132220831566e-01 -1.050555355683018346e-02
-1.050594007002894625e-02 -3.819215145482401375e-01
-4.023073814992000896e-01 5.523869684930403645e-01
6.218099574197760715e-01 -7.846130736856608001e-01
-1.057260418656867040e+00 8.028217766274707845e-01
1.106500181577217079e+00 -8.209327857200569012e-01
-1.159671467137276757e+00 8.269705086300376262e-01
1.178476181983405535e+00 -5.106752990133404113e-01
-5.636428842055873911e-01 -1.981846287486060953e-01
-2.008422549970747817e-01 5.395959079419305748e-01
6.035853493386181823e-01 -3.218778431146684382e-01
-3.337405844716971881e-01 -1.760767579137388628e-01
-1.779310119504123322e-01 5.640106150718227074e-01
6.386954058274489920e-01 -3.138777621324336242e-01
-3.248411831286990292e-01 3.252826546381130668e-01
3.375435921819365248e-01 -4.685769789096176918e-01
-5.082454076936455678e-01 1.356321850814600216e-01
1.364731880944188014e-01 -4.547955631315498404e-01
-4.907299127244961756e-01 3.638967459375430091e-01
3.813701183805242589e-01 -2.300112362227059448e-01
-2.342013306104560599e-01 2.639873275655748031e-01
2.703896062170972336e-01 -5.452655369582966038e-01
-6.116186961322873650e-01 3.332334907426117709e-01
3.464612715702601875e-01 -5.880530217498978196e-01
-6.746846913804327439e-01 1.342660583526280593e-01
1.350817207519807162e-01 3.076341193337915336e-01
3.179301112153679054e-01 -4.098218799907387688e-01
-4.353971297431299403e-01 3.837423513994976942e-01
4.044409098808376402e-01 1.265210540065420941e-01
1.272027116040463646e-01 2.227117153241667258e-01
2.265075421597092797e-01 -5.424950311518733637e-01
-6.076843944760766947e-01 5.243565283333609939e-01
5.823295434410108440e-01 -5.377586509828488071e-01
-6.009970293326348800e-01 4.100791826421541497e-01
4.357064098363147564e-01 -5.549860926359212465e-01
-6.255581733747034301e-01 7.092487560345077657e-01
8.856705795742225718e-01 -6.883056999982544166e-01
-8.447289304280964917e-01 5.956361557494483927e-01
6.863563510956224301e-01 -7.312470171821994214e-01
-9.314022843848510647e-01 6.188221680802837854e-01
7.230940451869440899e-01 -7.630263400825375575e-01
-1.003419063702801539e+00 7.217699879777053074e-01
9.113299752442973745e-01 -8.117242854205762859e-01
-1.132063429639316610e+00 4.158069456012249421e-01
4.426117131523936710e-01 -2.470948577362150622e-01
-2.523163823827913044e-01 3.584145749862053254e-01
3.750656026771100882e-01 -9.169814996992450840e-02
-9.195647067064838254e-02 -2.581417464207700352e-01
-2.641164574584457525e-01 3.654295932185320783e-01
3.831380666093336940e-01 -2.149002609002579889e-01
-2.183032483607998953e-01 4.266900913414068547e-02
4.269493248836148114e-02 -1.401706753340831446e-01
-1.410996677633228336e-01 5.975490645394457845e-01
6.893263545776915358e-01 -2.558362460720979836e-01
-2.616479256084545124e-01 5.183576135427536702e-01
5.740913051929396049e-01 -2.846559456987433068e-01
-2.927412965785188281e-01 1.538828301196091819e-01
1.551150297642761300e-01 -4.516154493384368918e-01
-4.867277713116560101e-01 4.895790936669995319e-01
5.355065898425491744e-01 -9.632042191920886509e-02
-9.661996600572178573e-02 -1.349582286581233748e-01
-1.357866649796512781e-01 -3.200358213189231638e-01
-3.316870171013052149e-01 4.580564766106338670e-01
4.948489259345999480e-01 -7.644682116512518943e-01
-1.006879370366918325e+00 8.277455960058063278e-01
1.180933047315732898e+00 -4.888804229392381684e-01
-5.345880768413543427e-01 8.343510116117022410e-03
8.343703733023177804e-03 1.202442841945303292e-01
1.208288890672770538e-01 -4.951005474636934189e-01
-5.427947169143625405e-01 1.867988486090458866e-01
1.890182103110057965e-01 1.980764771580869332e-01
2.007296843656908858e-01 -4.748019210441188909e-01
-5.162517421274169793e-01 4.399922252390480737e-01
4.722211631407005616e-01 -6.496320808951570047e-01
-7.746618804751075338e-01 6.465463991192424986e-01
7.693415307506424883e-01 -9.087761943238373274e-02
-9.112904474950153655e-02 -1.891843815391173189e-01
-1.914911400168863576e-01 -1.241682952321786354e-01
-1.248123967326001116e-01 5.962849762389456076e-01
6.873625381411565538e-01 -4.017319131242955144e-01
-4.257124362743104351e-01 4.850552592863059953e-01
5.295738334317052765e-01 -6.560914321243940250e-01
-7.859198575355688110e-01 6.870367811023843085e-01
8.423216064256220381e-01 -3.929831195157699186e-01
-4.153231276302399300e-01 -6.621992553097848493e-04
-6.621993521030017371e-04 5.527099827819248468e-01
6.222749334743847838e-01 -3.938205428899251848e-01
-4.163138857924644776e-01 3.530830045246366455e-01
3.689614899519958469e-01 -1.879449280114443011e-01
-1.902059907237609038e-01 1.737602753883784046e-01
1.755414149468068619e-01 2.366945140749005250e-01
2.412695294529110246e-01 -2.878087162213269212e-01
-2.961754255310367623e-01 -1.345095438878996796e-01
-1.353296845345887678e-01 2.788056188800492330e-01
2.863865553807777298e-01 -4.882657045276084795e-01
-5.337806140711117697e-01 6.695520239345035263e-01
8.099306915848629718e-01 -3.059448404807693089e-01
-3.160653177771483580e-01 -3.245988741795849397e-01
-3.367790906368821613e-01 5.543566672576022425e-01
6.246490452432292839e-01 -5.096796493611399637e-01
-5.622969001303574910e-01 -2.160848975201799110e-02
-2.161185388908755389e-02 -6.774922448607624548e-02
-6.785316624136843167e-02 -3.006986939717392060e-01
-3.102875768211884600e-01 1.811569118683914736e-01
1.831785975103246145e-01 3.036644561062716852e-01
3.135513714909711203e-01 -7.032790266585500216e-01
-8.737591489604884520e-01 4.283356706113355394e-01
4.578565981695685294e-01 6.875233512526345014e-02
6.886097149377311266e-02 -4.586888969211124212e-01
-4.956495649839244844e-01 6.341775495272564678e-01
7.483734106289492427e-01 -6.900679966860326919e-01
-8.480855562809670456e-01 7.916033097663928153e-01
1.075711386877534537e+00 -6.714111303431886668e-01
-8.133081019106613851e-01 7.725489767529402085e-01
1.026619478347520209e+00 -6.581266863744553719e-01
-7.895017507433754744e-01 7.131939908032762787e-01
8.936543385370512294e-01 -5.546419143923970729e-01
-6.250609363115995354e-01 2.365067501806397965e-01
2.410706312654112282e-01 -4.585754700477724932e-01
-4.955059242100612882e-01 6.508203737746662831e-01
7.767205807200235901e-01 -7.804646102189979340e-01
-1.046558088807125309e+00 7.108679310929606476e-01
8.889362566048083503e-01 -7.579483862452768284e-01
-9.913758675301385104e-01 6.118586386985168657e-01
7.118868097924839766e-01 -7.211849032192669817e-01
-9.101097016425405695e-01 4.973245707228140522e-01
5.457452415160234382e-01 -3.321937126600697510e-01
-3.452920639908920730e-01 4.249235619203138858e-01
4.536852413767149539e-01 -6.798592480847767128e-01
-8.288522695811317842e-01 4.100969057580672317e-01
4.357277160682046513e-01 -4.726411199706170158e-02
-4.729935361951365103e-02 2.989197580684193056e-01
3.083329471969216140e-01 -5.148172016543550722e-01
-5.692621639785137022e-01 1.129333860162107517e-01
1.134172094178967083e-01 3.322849988991335990e-01
3.453946769559050889e-01 -6.972875032731030709e-01
-8.620015850284018510e-01 8.345193536493559217e-01
1.202841773031311012e+00 -8.600735843571436501e-01
-1.293627322763104992e+00 5.532542652645970893e-01
6.230589641452572991e-01 -1.604650442460349991e-01
-1.618639947724813677e-01 2.784928930956213078e-01
2.860475037939071430e-01 -3.680174992413674517e-01
-3.861280924266582426e-01 2.679334733647840139e-01
2.746361373035197673e-01 -5.347129294548498279e-01
-5.967220273885545101e-01 2.869775737091616596e-01
2.952694544279578226e-01 -1.455072308014187243e-01
-1.465473868669719959e-01 -3.696755748255584617e-01
-3.880472683245697052e-01 4.469179855761923892e-01
4.808423736902819323e-01 -6.673278978525950533e-01
-8.059101180746818249e-01 3.842612731183210339e-01
4.050495853147123015e-01 -5.439914901459204088e-01
-6.098073738525275900e-01 7.648817870408647357e-01
1.007875284704941254e+00 -6.699993791262547349e-01
-8.107419988678491451e-01 6.300537609025195218e-01
7.415052900304962558e-01 -4.312700561882208405e-01
-4.614558871229486048e-01 4.398642915356169580e-01
4.720625276129286063e-01 -5.742260573015132152e-01
-6.538052419078494992e-01 6.673195827473310526e-01
8.058951272333482185e-01 -5.085701851263646489e-01
-5.607992261880972995e-01 6.425357374430725743e-01
7.624805579083798746e-01 -3.142382429037947067e-01
-3.252411096283464031e-01 -3.101369195075714610e-02
-3.102364119029923928e-02 5.363600553131824267e-01
5.990315137651526234e-01 -3.704978634538852456e-01
-3.890000546362568645e-01 2.241480637888457750e-01
2.280193623889215648e-01 3.319727327835443886e-01
3.450436940588509360e-01 -1.677390140896949100e-01
-1.693393074792432784e-01 -3.170598170476703892e-01
-3.283749220059110074e-01 4.339086327461891962e-02
4.341812570725639420e-02 1.372508900543316923e-01
1.381225993788020578e-01 -6.920653134240427329e-02
-6.931733919043728265e-02 -4.270910076874132044e-01
-4.563332567783489058e-01 7.373352230082883541e-01
9.446145651465885917e-01 -7.214811155284452937e-01
-9.107272240376655947e-01 5.101465871775595629e-01
5.629279069276809100e-01 -6.321059678126202952e-01
-7.449157619923799656e-01 1.386625715983526019e-01
1.395616696515273591e-01 2.410133538536460285e-01
2.458496812374371676e-01 -3.004840286351482814e-01
-3.100515887410617011e-01 1.824095841539587481e-01
1.844740793802042145e-01 -5.178729291267548662e-01
-5.734287666131610006e-01 2.072521472844262302e-01
2.102984493238055363e-01 -1.798378888049777247e-01
-1.818151541775123725e-01 -1.982603527622680550e-01
-2.009210760602795909e-01 6.726496495761963290e-01
8.155666296020578354e-01 -5.234618532568396931e-01
-5.810963916059853629e-01 7.832214858484776165e-01
1.053650335426047358e+00 -4.242898317876949710e-01
-4.529121254746316105e-01 1.093554995531583612e-01
1.097945680929176826e-01 -3.746111568306767503e-01
-3.937762848607807564e-01 2.121899895650683210e-01
2.154634770661285892e-01 -3.283375545159801789e-01
-3.409637896505784416e-01 6.190224990226368407e-01
7.234187648073930887e-01 -6.838432392729777431e-01
-8.362979666603651552e-01 6.283015384138213033e-01
7.386049055657166740e-01 -6.117579115060961525e-01
-7.117258241754299553e-01 6.437369626767444064e-01
7.645291187674317923e-01 -6.011344733189311063e-01
-6.949216842880365785e-01 5.637926463391438325e-01
6.383758105810100059e-01 -4.946620859826432737e-01
-5.422140443309823032e-01 6.665973396699559350e-01
8.045941780029217671e-01 -4.943501146623530684e-01
-5.418010909077251025e-01 4.814119676379116641e-01
5.248205740631836091e-01 -5.853679637043766038e-01
-6.705901728687801988e-01 3.095816451013939652e-01
3.200826425000488640e-01 -5.619191297326734391e-01
-6.356335134368693573e-01 3.908141129120432100e-01
4.127605464834589455e-01 -5.515759679973043783e-02
-5.521363556039854403e-02 -3.787499325187437815e-01
-3.985994177956719287e-01 5.128902884546930885e-01
5.666439102400657735e-01 -1.627937769955043190e-01
-1.642551966346954551e-01 -2.166170016159933986e-01
-2.201038089165201772e-01 6.400123058418888400e-01
7.581945881902241169e-01 -3.819812304857108654e-01
-4.023772972212251720e-01 -3.889581519026086981e-02
-3.891544797247493970e-02 -1.007229206452410625e-01
-1.010656240613146545e-01 -2.413479659381182474e-01
-2.462049591722897668e-01 5.250959393194349900e-01
5.833498959859989563e-01 -7.460914897813026858e-01
-9.640805642646920193e-01 5.321674175181895228e-01
5.931640612584238026e-01 -6.332418751152291136e-01
-7.468098142580108512e-01 4.071134987334598110e-01
4.321463689484794091e-01 -2.953654223661341671e-01
-3.044343874630628388e-01 5.897222196236875380e-01
6.772400659547700430e-01 -6.419509279685469139e-01
-7.614851771602526576e-01 4.702426220521197520e-01
5.103817954457449124e-01 -3.980710689625335807e-02
-3.982815310012652321e-02 -3.267628458565683403e-01
-3.391998263579862893e-01 4.460604640537007004e-01
4.797713383214722849e-01 -4.567433361800782299e-01
-4.931883729638699143e-01 5.596959221912745086e-01
6.323902927101565652e-01 -6.615063202632685824e-02
-6.624737581045710144e-02 2.047529783622891175e-01
2.076885211339615511e-01 -4.426323971237008936e-01
-4.754998928855907470e-01 6.135384110822351689e-01
7.145761680127036275e-01 -1.725319237535294647e-01
-1.742750995393766988e-01 -4.799085270821754068e-01
-5.228654266299794795e-01 7.014630740472622694e-01
8.701750807447526936e-01 -7.552555944869911997e-01
-9.850776699979932882e-01 2.368639486648866366e-01
2.414490274942062142e-01 -1.914937115506216425e-01
-1.938872809290206611e-01 -2.360062403013611365e-01
-2.405405327964780238e-01 -1.318239234399844195e-01
-1.325955773661551540e-01 -1.489330793783444074e-01
-1.500491352760843500e-01 2.211349625830064392e-01
2.248491113382586337e-01 3.247944762332528879e-02
3.249087587130324722e-02 2.897621052896099877e-02
2.898432429297356089e-02 -2.556670515728107773e-01
-2.614668897512719692e-01 6.888469167391052250e-02
6.899395786444530165e-02 -2.617923547456942335e-01
-2.680316728765765322e-01 2.910582016729059140e-01
2.997220195513180530e-01 -1.048172461652221304e-01
-1.052036602645551461e-01 3.511935225118661408e-01
3.668045425273069871e-01 2.986593157562508205e-01
3.080469746278134968e-01 -5.842678842365229830e-01
-6.689182882842097388e-01 7.317084075667152909e-01
9.323946492697396948e-01 -5.067494461062609368e-01
-5.583463284527350190e-01 5.348248984557950683e-03
5.348299978789425313e-03 5.483897028758030201e-01
6.160755675343597693e-01 -8.018694093658680355e-01
-1.103826801883408093e+00 8.714426651908521171e-01
1.339044950507083609e+00 -8.562651118099239289e-01
-1.279175597521567509e+00 6.792805508866663899e-01
8.277769932391747520e-01 -1.375036339034766131e-01
-1.383802048926023043e-01 -2.198388990649950969e-01
-2.234868205218470960e-01 -9.002062005086658436e-02
-9.026497633225219475e-02 2.046382313194709812e-01
2.075687558925658482e-01 -4.073462921245094570e-01
-4.324254429024058100e-01 -9.038274986910843634e-02
-9.063007673709205791e-02 4.754685643779623661e-01
5.171127642979342909e-01 -7.244693532940597036e-01
-9.169878990716777700e-01 7.788669415655458117e-01
1.042483648106171001e+00 -5.963620744392665873e-01
-6.874821818554852637e-01 6.487949476680514582e-01
7.732148588775735742e-01 -4.942477743226736941e-01
-5.416656607121982381e-01 7.386888051126153654e-01
9.475872666032106872e-01 -4.962550299766417261e-01
-5.443252452214254467e-01 3.730111238365945714e-01
3.919163542366366770e-01 -4.198630543643144253e-01
-4.475257582604945661e-01 1.468943268737458729e-01
1.479647794826197127e-01 -1.701578008551258014e-01
-1.718291650100054468e-01 2.728202961006995775e-01
2.799083951885891208e-01 -6.596367008298638090e-01
-7.921702141819985110e-01 6.607069637906740622e-01
7.940672624516380562e-01 -3.416679155759111963e-01
-3.559796702300871973e-01 8.111006241760428115e-02
8.128863794268127718e-02 -2.449889007771775817e-01
-2.500747218611549250e-01 6.230433798501450182e-01
7.299640902170562162e-01 -4.327507650628767411e-01
-4.632763562386734146e-01 -5.778199076881682800e-02
-5.784642660301801687e-02 1.839900436751906176e-01
1.861094250411824969e-01 -1.994964749250703329e-01
-2.022081037350020316e-01 -2.999257152274718008e-01
-3.094379745838349294e-01 6.654614886615466407e-01
8.025527651896779968e-01 -7.081846181333047996e-01
-8.835325551594193083e-01 6.956900931872548322e-01
8.588992295681913136e-01 -1.869157704577504575e-01
-1.891393622593950108e-01 2.935783294969520063e-01
3.024776149156224170e-01 -4.075898995642848188e-01
-4.327175487517084806e-01 6.924806120363028450e-01
8.527062069755564355e-01 -6.899546339219058133e-01
-8.478691673820030195e-01 1.082349481814090797e-01
1.086605944301313464e-01 -2.309756600928561665e-01
-2.352198665711549008e-01 3.595560308265496885e-01
3.763759199126936461e-01 2.414125730123798177e-02
2.414594878589854110e-02 -1.448050993382535290e-01
-1.458301428156779933e-01 3.443221932343448199e-01
3.589878496969118871e-01 -7.085981081524598268e-01
-8.843625537282754356e-01 2.961116942436243238e-01
3.052521850269340753e-01 1.440379913880114951e-02
1.440479537881498087e-02 2.360964970132334584e-01
2.406361153945619225e-01 -5.822931344712670709e-01
-6.659252584429500299e-01 3.565599804827255248e-01
3.729392676415135832e-01 -2.097147780607427070e-01
-2.128729847311332801e-01 3.076249996137920273e-01
3.179200382287522553e-01 -1.786452569966204551e-01
-1.805829339988328230e-01 -2.934334511552456615e-01
-3.023190794211765287e-01 6.572634171615969745e-01
7.879804025365468867e-01 -7.836283557974091929e-01
-1.054703733247088104e+00 8.602197184424533738e-01
1.294189057793963871e+00 -8.480663503428997885e-01
-1.249225622645216083e+00 6.748053776552076499e-01
8.195142019909255060e-01 -2.370800877617648128e-01
-2.416780261823903431e-01 5.556610616216184351e-01
6.265341041766522290e-01 -5.812579213091985109e-01
-6.643603977929054549e-01 6.715307402308279272e-01
8.135259202587015182e-01 -6.554117664337192339e-01
-7.847274400092401070e-01 6.642892814174323757e-01
8.004518103747386704e-01 -2.055392550733059764e-01
-2.085093420863695923e-01 -4.669755221029320974e-02
-4.673154054119915690e-02 6.707684869617766554e-02
6.717772085216520972e-02 -1.169160717370639896e-01
-1.174532069771693776e-01 1.083273048019707946e-01
1.087540467608701100e-01 -2.727311477273879903e-01
-2.798120803565442571e-01 1.955780498562328107e-01
1.981305630069752077e-01 2.009038571784812210e-01
2.036742495512754436e-01 -5.541977528918857338e-02
-5.547661794614319741e-02 3.595872096159442033e-01
3.764117284506299788e-01 -5.901271582729613607e-01
-6.778611481539816852e-01 4.968018568102728350e-01
5.450510000520811804e-01 -3.994877323523988166e-01
-4.230392364072744216e-01 -1.165812240513125486e-01
-1.171137321625703859e-01 4.073759086376364524e-01
4.324609518849800716e-01 -5.732762088393087430e-01
-6.523892682473347859e-01 7.678622657019092967e-01
1.015097729161059892e+00 -7.951638406207119925e-01
-1.085320567909521028e+00 5.230540232691915925e-01
5.805347978679723520e-01 -6.165064703230608290e-01
-7.193499254674577958e-01 1.791333540846824501e-01
1.810871672602709925e-01 -2.421768392392802671e-01
-2.470852868616941200e-01 -1.606327932407808912e-01
-1.620361820594885538e-01 4.973985849088099487e-01
5.458435820584318643e-01 -3.405834477148555473e-01
-3.547523872809871248e-01 -1.429991820082072429e-01
-1.439860375305148099e-01 -4.505627933004376778e-02
-4.508680562919686885e-02 1.003869689936319060e-01
1.007262408014705235e-01 1.343417167560136127e-01
1.351587689142689785e-01 -4.696268948067987004e-01
-5.095915517817445339e-01 6.523706691465934737e-01
7.794147670132690608e-01 -2.523444144510304521e-01
-2.579150902173990012e-01 -4.364393582158765383e-02
-4.367167842461296134e-02 5.870643003714434149e-01
6.731746733849647280e-01 -5.354464118554436158e-01
-5.977497604121349006e-01 1.518352078617127288e-01
1.530184175141394154e-01 2.045201338283326453e-01
2.074454998085057955e-01 -6.730965999751237216e-01
-8.163833627022312189e-01 3.189926543991336017e-01
3.305252455253044896e-01 -4.559977566387170556e-01
-4.922466586560024782e-01 -5.226039310971846569e-02
-5.230804819402506967e-02 2.773344905469941613e-01
2.847921419015463917e-01 -3.414305240589178836e-01
-3.557109283991958804e-01 9.357623356049146746e-02
9.385081140513845677e-02 1.385379147041629344e-01
1.394345711922752862e-01 -2.052091896893531303e-02
-2.052380020546155232e-02 -1.137628504191935501e-02
-1.137677585244325010e-02 -1.628268239807577691e-02
-1.628412161313280010e-02 -1.509401426156125325e-01
-1.521023577340453459e-01 1.140112112899204638e-01
1.145090938661025015e-01 -2.705570234877623381e-01
-2.774647437328072175e-01 1.784998612752969060e-01
1.804327491591822263e-01 3.947275014048930511e-03
3.947295515044984063e-03 3.935097527967354458e-01
4.159460989383444440e-01 -6.054040748252194071e-01
-7.016342484143984759e-01 8.189130685564807166e-01
1.153508593201704846e+00 -8.609289285540475678e-01
-1.296922979082596461e+00 5.115196851641325981e-01
5.647858321110140745e-01 -4.379360814417363468e-01
-4.696742550769551494e-01 -9.927766275679289487e-02
-9.960576725526155972e-02 2.049844319694502648e-01
2.079301147114536452e-01 2.590521598303331952e-01
2.650921155365285609e-01 -3.273477166653034343e-01
-3.398547513488016647e-01 5.857393063683754564e-01
6.711552732491807838e-01 -3.810778582798268199e-01
-4.013200229895065863e-01 3.666539478127388563e-01
3.845518494083940975e-01 -5.112058431791369761e-01
-5.643608645534856638e-01 4.814569114679720929e-01
5.248790778493056530e-01 -3.658581638053554630e-01
-3.836327778480524420e-01 4.556868430954179039e-01
4.918541940138981827e-01 -4.406013428593049674e-01
-4.729767621888417706e-01 5.857113500567384667e-01
6.711127169818702498e-01 -3.036970685178619345e-01
-3.135872970275986882e-01 -1.578656586416347374e-01
-1.591970440224916294e-01 4.481856333829998817e-01
4.824275336106347289e-01 -1.101943433772189646e-01
-1.106436437841575027e-01 1.205253495906423999e-01
1.211140877078558803e-01 -2.614586755490899694e-01
-2.676734758368729539e-01 -1.409050744353698981e-01
-1.418488642006220934e-01 -2.831500500544508192e-01
-2.911033832040662572e-01 8.758366339376594256e-02
8.780864825890602465e-02 6.495434234865536671e-02
6.504592319064211869e-02 1.368641105482882314e-01
1.377284152131558193e-01 2.975224192610512741e-01
3.067992032724445317e-01 -4.663754810573608189e-01
-5.054282661482771832e-01 4.962846525750599369e-01
5.443645472779161665e-01 -5.674651763458272713e-01
-6.437761079814487974e-01 6.915141477764936706e-01
8.508516849125020709e-01 -4.664166701551675231e-01
-5.054809056748813534e-01 5.226075733632483677e-01
5.799204014087052661e-01 -6.636163472457351498e-01
-7.992483509983940859e-01 7.579282264640578859e-01
9.913284917780376126e-01 -7.116331303643881334e-01
-8.904848591755324394e-01 7.982622373555922080e-01
1.093803702299267933e+00 -6.910798597479551608e-01
-8.500198882094924802e-01 7.846335579202213806e-01
1.057313712187326171e+00 -4.242475812816622893e-01
-4.528606002199770941e-01 5.625383418083182985e-01
6.365389282643123536e-01 -4.047666469330311045e-01
-4.293364808469420923e-01 3.557475579432506363e-01
3.720088221966291742e-01 -6.063674243953651732e-01
-7.031563628384415177e-01 6.627938990503500216e-01
7.977801096775871681e-01 -3.163506967709501239e-01
-3.275867458649376340e-01 -7.589848509884654371e-02
-7.604473067433317746e-02 -3.354355125147093220e-02
-3.355614048220402490e-02 1.706080259920883246e-01
1.722928511198549562e-01 -3.538807383202555723e-01
-3.698731331210301509e-01 2.452840134010773887e-02
2.453332222593955503e-02 2.232134822963734722e-01
2.270355580399639195e-01 -3.696686732980409840e-01
-3.880392743623217178e-01 6.546362316564773298e-01
7.833691007557834762e-01 -2.257316422879293016e-01
-2.296873374065485640e-01 -4.364360508995220322e-01
-4.678197737752952112e-01 6.352476420240166233e-01
7.501654414278075000e-01 -4.941458406425538463e-01
-5.415307866820864291e-01 -1.535369397924476187e-01
-1.547607694201900697e-01 6.036725963714991566e-02
6.044075063799253522e-02 -2.211420685941902775e-01
-2.248565827166024156e-01 1.787237768905195617e-02
1.787428099669269299e-02 -1.812416693841487347e-01
-1.832662323570959650e-01 -9.524830463306481476e-02
-9.553792123627349864e-02 5.878450065250769851e-01
6.743667788700684618e-01 -5.139751176248961162e-01
-5.681170890558456810e-01 6.448923828666436320e-01
7.665046749597318465e-01 -1.123292591977333721e-01
-1.128053202673916650e-01 2.758440907698460690e-02
2.759140859498711296e-02 -7.200335920932722511e-02
-7.212818113730803948e-02 3.872530723326114699e-01
4.085644277537170410e-01 -2.641566626696222331e-01
-2.705716349142650579e-01 -1.528429599801224212e-02
-1.528548635148567481e-02 -3.124013212086578471e-03
-3.124023375038573191e-03 -4.656976029315641474e-01
-5.045623111318696674e-01 2.110816831304158647e-01
2.143032020907782442e-01 -5.731908813413814086e-01
-6.522621799565836431e-01 4.883236875616636108e-01
5.338567504266804598e-01 -5.440028166366670526e-01
-6.098234610845452153e-01 1.677362414548870528e-01
1.693364545753841544e-01 -2.711332425422305348e-01
-2.780865788199424760e-01 9.663381872657983429e-02
9.693630726797154706e-02 1.229795035564140715e-01
1.236051699386905012e-01 1.891163348024023916e-01
1.914205683780679790e-01 -4.964089365456118563e-01
-5.445294588991238527e-01 3.686922928711101055e-01
3.869088192857085273e-01 -5.075986116504519474e-01
-5.594895633147053404e-01 7.372720368607841301e-01
9.444761154271561487e-01 -4.614845149383515754e-01
-4.991958685367633430e-01 4.482478200481841979e-01
4.825053543186957894e-01 -6.031188598797441180e-01
-6.980347287804327117e-01 2.412958513648083836e-01
2.461496219668836138e-01 2.331285598854930530e-01
2.374952951335378981e-01 -5.134050962875091884e-01
-5.673427323305179071e-01 7.972101846273377257e-01
1.090910396860718112e+00 -6.461070850209787997e-01
-7.685870347685661574e-01 5.425125003548459945e-01
6.077091492710834375e-01 -6.327150302576908247e-01
-7.459307698999277925e-01 2.056076224211852710e-01
2.085807261563985271e-01 2.038911413399711325e-01
2.067891370035644383e-01 -3.713119022877811037e-01
-3.899439449545052949e-01 3.000013977631578732e-01
3.095211402072897133e-01 -2.369162704824946328e-02
-2.369606119131592928e-02 -5.380292324647557578e-01
-6.013777706712303273e-01 3.209327579216005866e-01
3.326866235609770572e-01 5.720830494462326998e-02
5.727083804431941372e-02 -1.625177447348903348e-01
-1.639716629507427803e-01 5.432031053149192212e-01
6.086883067513068069e-01 -5.483925191531874299e-01
-6.160795950040126590e-01 3.524678673071441337e-01
3.682589171585746168e-01 2.752759715833358878e-01
2.825634752712517517e-01 -6.677533404475025636e-01
-8.066775255147229373e-01 6.134542480062623593e-01
7.144412095891481407e-01 -7.894285583706254217e-01
-1.069913310513425753e+00 8.518494711787177875e-01
1.262855644664697685e+00 -8.255548940179413542e-01
-1.174014579033096917e+00 4.668045576091573445e-01
5.059767513783617332e-01 1.641687861507845347e-01
1.656679638360835094e-01 -1.175430897675989877e-01
-1.180889620686190883e-01 -2.389119000394197556e-01
-2.436198267839144727e-01 2.761408597993096903e-01
2.834995168906088159e-01 -1.534681586687666743e-01
-1.546903284946524182e-01 -3.464239943274394773e-01
-3.613743159859904575e-01 7.065824805550539045e-01
8.803257623065902093e-01 -6.621182725624027432e-01
-7.965761101266198851e-01 4.272932932869118461e-01
4.565806988603298699e-01 -4.146835540315524926e-01
-4.412542570402557818e-01 5.527500738757927801e-01
6.223326609029177225e-01 -5.362484034616115114e-01
-5.988747825248703638e-01 2.518212916331379891e-01
2.573564693959804472e-01 -1.635652001061150829e-01
-1.650477228158446774e-01 -1.328109591297436665e-01
-1.336002020164984705e-01 4.922268733211359049e-01
5.389950411369028860e-01 -7.321879768813547296e-01
-9.334276433916286475e-01 7.065780547565810865e-01
8.803169238669937835e-01 -8.221850300026282143e-01
-1.163524055328534201e+00 8.572572804126564749e-01
1.282906125962105737e+00 -6.302358315315218507e-01
-7.418072726752579227e-01 6.906198499150598691e-01
8.491398679228219226e-01 -6.226876192200643256e-01
-7.293828185954763788e-01 6.961838054963381817e-01
8.598566455786409435e-01 -7.210468338242304043e-01
-9.098220522128828147e-01 2.547731447846218744e-01
2.605106992131471788e-01 2.815983874831258782e-01
2.894172782635121011e-01 -1.156028249558355980e-01
-1.161219666040181758e-01 -3.188925177477883732e-01
-3.304137689934981692e-01 4.687592958441776370e-01
5.084790424659664243e-01 -4.435841398603510566e-01
-4.766841608108994266e-01 5.932342745948544493e-01
6.826419788349142870e-01 -4.951034890997872973e-01
-5.427986137714897463e-01 5.990848385052532921e-01
6.917184655373747049e-01 -6.443724999237981921e-01
-7.656151482327248070e-01 5.346723399662175469e-01
5.966651876274072785e-01 -6.610564373906600011e-01
-7.946877377265378906e-01 6.741245454024168415e-01
8.182651904525772846e-01 -5.930618299737239196e-01
-6.823759325974378953e-01 6.358647446968598294e-01
7.512007301166847562e-01 -7.785011822141134630e-01
-1.041554501976251768e+00 6.382439478171625380e-01
7.552050439762379996e-01 -1.812306252275777962e-01
-1.832548131180193329e-01 2.257011170355733010e-01
2.296551734696625491e-01 2.823322153249132049e-01
2.902144878479921419e-01 3.147779209569830788e-02
3.148819488570922531e-02 -1.899376353029502418e-01
-1.922724696340152029e-01 3.400313557634519479e-01
3.541279836676321513e-01 -7.307986595029262178e-01
-9.304393282691900691e-01 7.907426494928849747e-01
1.073410432076648879e+00 -8.103336394268090270e-01
-1.127999953420344870e+00 7.234839005472476492e-01
9.149169998191194475e-01 -3.805090509417238254e-01
-4.006547483698149059e-01 -3.095203843090981732e-01
-3.200148894902922203e-01 1.514164126862814763e-01
1.525897675024801559e-01 -3.072946511219452059e-01
-3.175552011166035138e-01 1.251067964310992875e-01
1.257657072247477248e-01 -5.071096738924192326e-01
-5.588311426230428980e-01 4.624176222778413892e-01
5.003821208674863463e-01 7.292622784922515866e-02
7.305592154505230473e-02 2.470991383437720346e-01
2.523209413466704909e-01 -4.156574159481153385e-01
-4.424309398645062674e-01 2.934770229198830904e-01
3.023667569858460857e-01 -4.560183387581864811e-01
-4.922726443215482139e-01 7.058382247348987670e-01
8.788410121559240284e-01 -8.219750320402189336e-01
-1.162876282116734883e+00 6.693282069570243298e-01
8.095251157720165791e-01 -6.097659585020970274e-01
-7.085487072424575539e-01 7.745226710953379001e-01
1.031533565585751822e+00 -8.364319557818323814e-01
-1.209175368596381084e+00 6.622535721695124167e-01
7.968170669320194799e-01 -5.160609987416896471e-01
-5.709559668568769952e-01 -5.928509590410958180e-02
-5.935469963459220899e-02 -1.882634015150514983e-01
-1.905361461794278233e-01 4.846384307073766662e-01
5.290289049827660017e-01 -7.148101716392595284e-01
-8.969513217065597788e-01 5.088044425745850141e-01
5.611152619272604669e-01 2.148770150704032433e-01
2.182788771378950665e-01 -9.333911475161571492e-02
-9.361160327067669096e-02 2.543669638096943686e-01
2.600763712078671408e-01 -3.444426273464524235e-01
-3.591244891445326548e-01 1.394972081125352981e-01
1.404127692216356194e-01 3.005151327126058813e-01
3.100857803178370675e-01 -6.546661252786162288e-01
-7.834214142958210170e-01 3.812019204959405938e-01
4.014651704282192757e-01 -3.501119446044740902e-01
-3.655713321673065841e-01 -1.730316583398781860e-01
-1.747902120741970378e-01 5.409628958656704373e-02
5.414915171677291139e-02 3.081322919113196890e-01
3.184804517241439092e-01 -5.710596634032059082e-01
-6.490938908940792063e-01 2.703499921877687839e-01
2.772413740327372977e-01 3.049329159308625803e-01
3.149492741356875181e-01 -7.055017827887147819e-01
-8.781708488570527660e-01 8.606602548084452131e-01
1.295885759251345748e+00 -7.078224215981558931e-01
-8.828063188446707565e-01 3.163203162063314977e-01
3.275529871256371295e-01 -4.404092521343569433e-01
-4.727384229433084228e-01 2.135133573218201963e-01
2.168496466331099604e-01 -5.056515064890119288e-02
-5.060831245605311446e-02 -1.926396370060762253e-01
-1.950770984352690196e-01 1.428600433029058037e-01
1.438439970988591998e-01 -3.190526252774477517e-02
-3.191609508710739618e-02 -6.598445001794815690e-02
-6.608046525044984632e-02 -2.019463313276776417e-01
-2.047608077284134021e-01 4.934688746492831846e-01
5.406355116339207623e-01 -5.078140730737112918e-01
-5.597798509431167746e-01 7.844289779277406893e-01
1.056781659342698410e+00 -7.629717999024735464e-01
-1.003288532471207972e+00 7.960493193784461408e-01
1.087733253103712050e+00 -6.252696479454321610e-01
-7.336111560304371393e-01 6.948627339370919698e-01
8.572976527889643039e-01 -1.686328579752188195e-01
-1.702591711656601392e-01 -5.201187699428232170e-02
-5.205885472544269366e-02 2.351277740331413624e-01
2.396104547347794600e-01 -2.963506979550747378e-01
-3.055141795225279067e-01 5.144410956212620567e-01
5.687505642386061488e-01 -7.790664953285504346e-01
-1.042991146244375056e+00 8.541952591347518053e-01
1.271468861537981887e+00 -8.562856726566708820e-01
-1.279252664344766366e+00 5.025123312747061810e-01
5.526615518686167627e-01 4.503066883635230971e-02
4.506114306836073169e-02 -1.462923851538718567e-01
-1.473496181644783909e-01 -3.017549346675312827e-01
-3.114492226118223961e-01 2.084219924656733336e-01
2.115211089788796572e-01 2.411823673916005939e-01
2.460291255467482729e-01 -3.005020946989538921e-01
-3.100714480199010525e-01 3.989263542831784637e-01
4.223714329684651325e-01 -6.109105420556688593e-01
-7.103727829983652597e-01 2.217201971348082279e-01
2.254645194789252904e-01 3.979788616426409020e-01
4.212451220046800615e-01 -3.417572360151163724e-01
-3.560807992507426523e-01 5.475519105909204542e-01
6.148782558916201513e-01 -7.893103281538650373e-01
-1.069599615869427200e+00 6.594309783810075043e-01
7.918061133839028320e-01 -7.635280503659084284e-01
-1.004621030463367370e+00 6.806694748266564066e-01
8.303603972477325845e-01 -7.055216658154175313e-01
-8.782104365121183864e-01 7.162896133734419912e-01
8.999830428611678146e-01 -7.946496092202308681e-01
-1.083923667348046349e+00 6.885130269036587869e-01
8.451230187164923136e-01 -7.229185890998298669e-01
-9.137318103658135238e-01 7.359979980438151603e-01
9.416905278670663071e-01 -7.110613825129737942e-01
-8.893274395804762200e-01 6.512747605978473908e-01
7.775092591510457396e-01 -2.686428305755485593e-02
-2.687074841620659682e-02 -8.756927440010829622e-02
-8.779414805392637966e-02 1.384086476719079972e-01
1.393027770265155008e-01 2.317462104037155968e-01
2.360339955305740811e-01 1.103934813188409310e-02
1.103979660951934227e-02 -8.376230079565884223e-02
-8.395902514344383283e-02 2.657438785475771947e-01
2.722786837774977542e-01 -2.991437116494571891e-01
-3.085788932721375555e-01 2.533268373172430921e-01
2.589646042730785469e-01 1.368037118767457538e-01
1.376668640879143979e-01 -8.295325335559910682e-03
-8.295515617226592586e-03 -4.263270009774457470e-01
-4.553991711313652990e-01 6.683716505101550132e-01
8.077942287580467395e-01 -7.459791925762914166e-01
-9.638273182392448346e-01 6.537271423915888002e-01
7.817799117871750969e-01 -8.015195782433955918e-01
-1.102847666780364611e+00 8.304714993417634528e-01
1.189653902200499713e+00 -8.215652269731034130e-01
-1.161614154034043445e+00 6.444053044060591429e-01
7.656712470034934270e-01 1.300670482955864314e-02
1.300743837105197698e-02 4.936916390786203618e-02
4.940933205615111179e-02 7.379949168013032190e-02
7.393391086736346429e-02 4.475267728623116142e-02
4.478259015925209474e-02 6.958190982353379406e-02
6.969453407989271987e-02 -5.386804253240847773e-01
-6.022947190147573959e-01 6.378757753709952683e-01
7.545840537037401541e-01 -5.794794421215644364e-01
-6.616786186884654475e-01 1.477325364240048844e-01
1.488215827877745201e-01 -3.301767407893339557e-01
-3.430266074178444091e-01 6.108224352169503435e-01
7.102322263344478248e-01 -6.928402888731266529e-01
-8.533975987606216007e-01 6.290841229048974581e-01
7.398989787860489331e-01 -1.152850793832056603e-01
-1.157999291366312578e-01 2.057566024468112653e-01
2.087362872133127212e-01 3.496790044178449963e-01
3.650779941530080674e-01 -3.657915778291567221e-01
-3.835559040127798358e-01 5.494161903621497256e-01
6.175446954527267218e-01 -4.642073264199109150e-01
-5.026610088403241638e-01 2.007166567750138242e-01
2.034791831411035812e-01 -3.981509135395384646e-01
-4.214495698139362201e-01 1.751325861124732319e-01
1.769567982385178428e-01 -3.708554346292775583e-01
-3.894145824254949817e-01 -1.247374640633704401e-01
-1.253905198514376207e-01 -1.605014262403245684e-01
-1.619013385508886460e-01 -1.871981833367025450e-01
-1.894320151569445776e-01 5.870633873295203475e-01
6.731732801851424419e-01 -3.493504419779062120e-01
-3.647037088072245803e-01 3.128706603852168810e-01
3.237244103679995377e-01 -1.524620951000314403e-02
-1.524739098618740560e-02 3.454910534118332266e-01
3.603145331369540516e-01 -1.060888756601731098e-01
-1.064895899259947487e-01 -4.402253423799226129e-01
-4.725102812260999485e-01 6.057951085172262884e-01
7.022517521688574904e-01 -5.624653869670239725e-01
-6.364322054259686778e-01 7.590806024515592831e-01
9.940420695138099116e-01 -7.810341212781127807e-01
-1.048016764422772251e+00 6.887814372652224515e-01
8.456335326931234686e-01 -1.968381599334894372e-01
-1.994411268757899092e-01 -4.569615722285509940e-01
-4.934641722276064124e-01 3.253235691163570698e-01
3.375893487130712245e-01 -5.316078814877743808e-01
-5.923837801650250201e-01 6.418861758211834301e-02
6.427699234718838028e-02 2.299143053837267858e-01
2.340989875774600326e-01 -5.192390745518908890e-01
-5.752973847973382737e-01 7.409376753201856181e-01
9.525552361694091807e-01 -7.450322412372037961e-01
-9.616956049395880557e-01 8.414577321251739406e-01
1.226145775303528529e+00 -4.161778385743518105e-01
-4.430602201173709509e-01 2.914904784340915933e-01
3.001943709667679316e-01 3.096775928852282256e-01
3.201887642271376011e-01 -4.383372814191949796e-01
-4.701707674441282236e-01 4.191200858326499801e-01
4.466241266774239049e-01 -5.324554815738954394e-01
-5.935660235347940406e-01 7.125115316751025052e-01
8.922667773399424185e-01 -4.484848954765215945e-01
-4.828020815306479085e-01 9.620912247274805706e-02
9.650762551028839453e-02 -1.635521365018127171e-01
-1.650343001355424888e-01 5.202824530267914360e-01
5.767269670208651222e-01 -5.606854646332751768e-01
-6.338323830717031981e-01 2.112092155826966466e-01
2.144366855566471330e-01 3.712240022883156465e-01
3.898419917339864815e-01 -4.216353224704179614e-01
-4.496792619063083030e-01 5.780025254777672039e-01
6.594578861802083969e-01 -7.814064356991801130e-01
-1.048972164464478496e+00 8.111694086049566765e-01
1.130438863230469160e+00 -5.797610058564022228e-01
-6.621026346745837454e-01 -5.219219893790144615e-02
-5.223966750797957859e-02 3.622372609359681417e-01
3.794586700486107800e-01 -5.165394187850749219e-01
-5.716082682395750014e-01 7.757754944898208604e-01
1.034672349064200025e+00 -8.666394409857913761e-01
-1.319419286280309356e+00 5.279830138819335827e-01
5.873444403094827404e-01 -4.387051474157808162e-01
-4.706262167399652974e-01 6.975268256793325516e-01
8.624675343761084578e-01 -2.729845142891589305e-01
-2.800858277995157408e-01 5.729976085742443867e-03
5.730038797031662690e-03 3.612409660854199456e-01
3.783123766039525049e-01 -5.770203556960596947e-01
-6.579842195324026033e-01 4.804430232862965666e-01
5.235600907184216890e-01 -6.732333077131038568e-01
-8.166333544795417732e-01 7.163624125963254929e-01
9.001325656703790257e-01 -6.818114587394309423e-01
-8.324913183108955117e-01 2.986359846382242722e-01
3.080213588256589530e-01 -1.100604403174284263e-01
-1.105080968046348866e-01 -3.790323661411178491e-01
-3.989291935328807548e-01 7.260638866426282201e-01
9.203519844817992235e-01 -7.862218762237569436e-01
-1.061459656072374580e+00 3.569174025494615821e-01
3.733488089654418696e-01 4.986428963915796875e-02
4.990567971607264008e-02 -4.091636685828905357e-02
-4.093922318756217094e-02 5.356937554845653260e-01
5.980965858211482189e-01 -6.678077231872565633e-01
-8.067756770518449416e-01 5.889406357035541495e-01
6.760425817816564376e-01 2.403016882981870439e-02
2.403479583213821713e-02 -4.374607052150087383e-01
-4.690862238805401097e-01 2.605623694007163094e-01
2.667116433298735156e-01 -5.535202841250731476e-01
-6.234424078416926918e-01 5.334576310287046930e-01
5.949657574925696357e-01 -3.782040820031542516e-01
-3.979623039845455179e-01 -1.285903833961855314e-01
-1.293062676209110751e-01 4.262924317312782874e-01
4.553569238687741327e-01 -5.907317488925388771e-01
-6.787892985215251418e-01 4.917321750480828091e-01
5.383423670939351258e-01 -2.157827845403708089e-01
-2.192286864618203102e-01 5.127990447657826412e-01
5.665201044271738207e-01 9.708868458261460735e-03
9.709173535045662051e-03 -1.187949414737459325e-01
-1.193585422614469316e-01 1.807852640720291615e-01
1.827943659188795422e-01 -5.427262201964512256e-01
-6.080120555631540746e-01 5.857736757815075190e-01
6.712075947155416999e-01 -3.925680594792193556e-01
-4.148323547405335932e-01 2.349500832264333205e-01
2.394223737114460349e-01 1.361417044981822477e-01
1.369922929298865721e-01 1.060335101902079996e-01
1.064335945655124072e-01 1.967235749234415854e-01
1.993219260880819688e-01 -1.434081106105088987e-01
-1.444035277293278241e-01 5.132590822043826551e-01
5.671444756657396669e-01 -3.693138248805285517e-01
-3.876283210347966635e-01 -1.533870063240499182e-01
-1.546072197685559590e-01 4.649400459588232115e-01
5.035953960539216734e-01 -2.842513512858407254e-01
-2.923010827493687236e-01 -3.446578000047754164e-01
-3.593686469630436031e-01 3.036728007620015379e-01
3.135605638133635020e-01 7.772928607590481875e-02
7.788639870638441876e-02 2.123540984576594570e-01
2.156353295317181840e-01 -4.082107915174325585e-01
-4.334623653361767692e-01 3.140731759746837604e-01
3.250579677266277057e-01 1.671960810400146824e-01
1.687807082879565213e-01 -7.577498074610523882e-02
-7.592051191324185322e-02 -4.151763163665042056e-01
-4.418495006079784515e-01 3.669730010942421350e-01
3.849205062574161396e-01 -3.509481707512872584e-01
-3.665246999613817613e-01 4.814651178652333274e-01
5.248897605459502680e-01 -1.281241103450571628e-01
-1.288321837525795988e-01 8.825092822348940338e-03
8.825321939123196430e-03 -4.096416453738223606e-01
-4.351805328059168421e-01 7.048037254709854649e-01
8.767823967889056824e-01 -8.462323301174924373e-01
-1.242729718481841328e+00 8.107811897981036520e-01
1.129304778187335989e+00 -5.842123458739386654e-01
-6.688339685007904656e-01 7.307642522813802000e-01
9.303654864479433684e-01 -6.834523742391354073e-01
-8.355641209346382769e-01 5.775510784852160295e-01
6.587802148069168418e-01 -5.878223826902204685e-01
-6.743322097183137576e-01 4.250507668988523502e-01
4.538404856607164417e-01 -2.101769484278038225e-01
-2.133564656240664881e-01 -2.375201680888060496e-01
-2.421443667881576500e-01 7.014414928248330350e-01
8.701325950706704226e-01 -7.137479223363039083e-01
-8.947826027352732137e-01 8.096017759727234253e-01
1.125872146026366316e+00 -6.468416159298405743e-01
-7.698489619850975574e-01 2.176050650661987551e-01
2.211407510157265000e-01 3.281528362746394811e-01
3.407567656235575004e-01 -7.275933638232335854e-01
-9.235943319744492896e-01 4.360780778435549565e-01
4.673776569326655306e-01 -1.783296669667293610e-01
-1.802569591322223386e-01 5.412489063706523718e-01
6.059202808031030063e-01 -6.979721086000501007e-01
-8.633352859832325032e-01 3.636576476509467692e-01
3.810945535352103786e-01 2.052601926386023179e-01
2.082179876850387690e-01 -6.336795219203428253e-01
-7.475407758662717672e-01 3.868425457737437179e-01
4.080815655204337866e-01 -1.794689283633424393e-01
-1.814338882404754050e-01 -2.054273335713527326e-01
-2.083924865479739597e-01 4.439137455932232190e-01
4.770945843281458876e-01 -4.949633610452263133e-01
-5.426129994165800330e-01 6.352943974973321861e-01
7.502438335543410997e-01 -1.807263434994152707e-01
-1.827334552320477590e-01 -2.402140953476500362e-01
-2.450013060222389072e-01 7.179412645497906809e-01
9.033832913497931161e-01 -7.193819128604478363e-01
-9.063627639223390542e-01 3.060638465560396315e-01
3.161966186943518942e-01 1.748978402620934569e-01
1.767146348434277814e-01 -1.648156542647832290e-01
-1.663328214884344236e-01 8.610327133442774450e-02
8.631700627149038740e-02 2.113366787723149065e-01
2.145701040487428268e-01 -5.987117475727019578e-01
-6.911367115473741052e-01 6.758217169673935709e-01
8.213826402645486580e-01 -6.571185184893998388e-01
-7.877253441561783420e-01 7.106413679461176525e-01
8.884783940031235616e-01 -2.183110516505151200e-01
-2.218819487662140599e-01 3.235900228552611724e-01
3.356518354282331806e-01 1.702497487546908994e-01
1.719238560450088160e-01 -3.628517670024501429e-01
-3.801661687342343110e-01 2.379873441143928736e-01
2.426395330109890891e-01 2.189276502068084329e-01
2.225294965166876304e-01 -4.273079109601427006e-02
-4.275682730192154057e-02 -9.065151781674042619e-02
-9.090106498840981597e-02 -2.965944265825726234e-01
-3.057813953488304759e-01 1.291174855835356405e-01
1.298422692366646147e-01 2.552240246904504684e-01
2.609929362442987566e-01 -6.601421980951971413e-01
-7.930656193744811677e-01 3.242367916110383552e-01
3.363744174512740548e-01 3.158957960075546578e-02
3.160009366004170456e-02 -2.718753230543107802e-01
-2.788877147775880028e-01 3.972922873056627391e-01
4.204296025235071399e-01 -7.133714788527537598e-01
-8.940156537475575371e-01 6.655602810895063781e-01
8.027301000824360599e-01 -7.969793664784201592e-01
-1.090277393836573738e+00 8.045024012357457899e-01
1.111246028980439116e+00 -5.522334532005546137e-01
-6.215890573035456335e-01 1.010055096047213080e-01
1.013511175160989319e-01 -2.248777404541482949e-01
-2.287877715615205254e-01 -3.215342390781242982e-02
-3.216451131340199165e-02 -2.099623571429554414e-01
-2.131319673978217255e-01 7.467082343830143409e-02
7.481007107723962324e-02 -8.851310583346901073e-02
-8.874535258533079729e-02 2.143334040560066489e-01
2.177090211642416784e-01 -7.073737033947542774e-02
-7.085571047334171535e-02 2.404058034755275908e-01
2.452047635962477101e-01 -2.628962929645015101e-01
-2.692172049564817149e-01 4.369177557250912280e-01
4.684149757305471340e-01 4.506602594766725978e-02
4.509657207766708253e-02 2.706870133854381577e-01
2.776050059104156476e-01 -6.143500456889223749e-01
-7.158788011276521202e-01 8.024652051946247200e-01
1.105497910141123530e+00 -4.702477411372812388e-01
-5.103883679015466246e-01 2.731578409599215718e-01
2.802731204873298854e-01 2.890688022793853895e-02
2.891493587127575565e-02 -1.381696020369008737e-01
-1.390590707807579096e-01 5.060447210996075196e-01
5.573985593279777717e-01 -2.837306706339508544e-01
-2.917347248055252584e-01 -2.390734365846212406e-01
-2.437911488149146488e-01 5.882122983358931134e-02
5.888921026568311179e-02 3.184573891317842298e-01
3.299294566426448361e-01 -5.289600861173497925e-01
-5.887001338724705546e-01 4.417374195360230793e-01
4.743873903121473279e-01 -5.714403827860368157e-01
