-2.869978081527116975e-01 3.291082223870732126e-01
3.418278240515970623e-01 3.383366909203771034e-01
3.522130082452527011e-01 -1.367686260594185299e-01
-1.376311092818569559e-01 -6.882516964234118573e-02
-6.893415229456290039e-02 -6.444744481489560473e-01
-7.657895026367584901e-01 8.504679974150129995e-01
1.257841711810113061e+00 -5.312794029042742228e-01
-5.919260134419432884e-01 -2.903383694710535978e-02
-2.904199923256472332e-02 -2.410605386371670600e-01
-2.458997764958424925e-01 5.563457871260847343e-01
6.275252245514348903e-01 -7.349942319756944675e-01
-9.395038879934745069e-01 2.678870248307426705e-01
2.745860970878738483e-01 1.312695895626195541e-01
1.320314820583510240e-01 1.868070344553042217e-01
1.890266921333291772e-01 -3.104923247609445158e-01
-3.210901686239746589e-01 6.164608424595313663e-01
7.192763259545466026e-01 1.870148502318582859e-02
1.870366573449289138e-02 -4.313470239082272117e-01
-4.615504452046772510e-01 8.486867451163973564e-02
8.507332061591230121e-02 4.557983726221563336e-01
4.919949610383836935e-01 -3.793516485684075845e-01
-3.993020940557485687e-01 -4.186526960135070752e-01
-4.460572734855675625e-01 4.833152614024951998e-01
5.273010022648374484e-01 -1.977775024840404683e-01
-2.004185197875691382e-01 -6.080354431550147876e-01
-7.057985358840832557e-01 4.550586461571997643e-01
4.910616520926572859e-01 -4.137077637916674600e-01
-4.400763949057618363e-01 8.197200318423766285e-01
1.155963459192435705e+00 -9.152813658410677844e-01
-1.559142119408287286e+00 6.398847804840830378e-01
7.579786140465941680e-01 2.388474499865432255e-01
2.435514764200811255e-01 4.126670524405648410e-01
4.388214311185476557e-01 -6.802111952903081571e-01
-8.295069916766023566e-01 7.603599143733542620e-01
9.970677046996485604e-01 -3.630733982758198586e-01
-3.804214283843466715e-01 1.182874641494292556e-01
1.188438322111995959e-01 8.333456394249580401e-02
8.352828154653202386e-02 -7.740745564091479070e-01
-1.030414570022739174e+00 9.059788943090130164e-01
1.504615862583981833e+00 -6.797355185688690460e-01
-8.286222358406919453e-01 1.176038238045351569e-01
1.181505474319376470e-01 -5.719555639602762476e-01
-6.504243463367270772e-01 2.223355653456657310e-02
2.223722120057608498e-02 -8.151609806923415524e-01
-1.142222078501247129e+00 3.640257246492864529e-01
3.815187914893960475e-01 -3.180581086855810979e-01
-3.294851758803653552e-01 -2.386557885496293496e-01
-2.433482294291891557e-01 6.430841088095914371e-01
7.634150769133820624e-01 -8.292109856916827226e-01
-1.185605518626788424e+00 4.088241552363345299e-01
4.341985960894418906e-01 6.943152249648885110e-01
8.562397585363142882e-01 -3.569704346253199656e-01
-3.734095843728340025e-01 -2.210760383528620754e-01
-2.247871583737205969e-01 4.682961089087999546e-02
4.686388864512280872e-02 -4.027841966330572565e-01
-4.269678624316560756e-01 2.976823678695117437e-01
3.069746946595081627e-01 -6.897121129067933509e-01
-8.474064557187570568e-01 5.672681215553998513e-01
6.434855074486900417e-01 -9.053794942562387593e-01
-1.501281131058641805e+00 8.321229490601403933e-01
1.194999391540177314e+00 -7.304568561120364789e-01
-9.297061325661745146e-01 1.125473334296274025e-01
1.130261867764393718e-01 -1.600782747888296609e-01
-1.614670284335339989e-01 -2.237696194587000462e-02
-2.238069799535935545e-02 -2.721529726879696742e-01
-2.791875497090825498e-01 -7.590490191303591594e-01
-9.939675490203041530e-01 4.315680037629155419e-01
4.618219711291284835e-01 -3.392767198449819221e-01
-3.532749359527591615e-01 4.047619296205152706e-01
4.293308392479725510e-01 2.373065541228250586e-01
2.419179932532660171e-01 5.603290592981836626e-01
6.333127141823615691e-01 -4.068972679100205103e-01
-4.318872070838541410e-01 6.445558328680790483e-01
7.659287169489208402e-01 -3.615449576767585937e-01
-3.786620353335365952e-01 4.483769087056133640e-01
4.826669138544377735e-01 -4.625215838672476765e-01
-5.005143670167419012e-01 8.262292762247476219e-01
1.176135932210316870e+00 -5.014550817927950765e-01
-5.512481396714264958e-01 -3.667850877651456787e-01
-3.847033657665689388e-01 3.299583333730724544e-01
3.427814964936823916e-01 -1.085537727832007887e-01
-1.089832095486586994e-01 6.319236533682065504e-01
7.446121865403659834e-01 -5.248343321396519157e-01
-5.829887654040023515e-01 -8.955882228002145021e-03
-8.956121683475218309e-03 -3.549396248894374217e-01
-3.710841289031181489e-01 2.867930967525096353e-01
2.950684327435232346e-01 -7.647466369429181676e-02
-7.662427317929310089e-02 2.745828832103640038e-01
2.818137153635773551e-01 4.347319221776913545e-01
4.657166021436859316e-01 1.401816434675168810e-01
1.411108557331550717e-01 7.322359952238408631e-01
9.335311611817462829e-01 -2.651573836567338027e-01
-2.716477292602896831e-01 5.971939212271289987e-01
6.887741586324028775e-01 2.612052888008257745e-01
2.674015157332945147e-01 2.738417424978152881e-01
2.810123154235589782e-01 4.457395840993456926e-02
4.460351405932895530e-02 -2.358147405340698388e-01
-2.403377472504123202e-01 7.824481896605335329e-01
1.051653027568999921e+00 -3.195886412584194036e-01
-3.311888885038757335e-01 -6.111956369211430928e-01
-7.108277597790831903e-01 1.765905152310960347e-01
1.784612564660233991e-01 8.110653988657616775e-01
1.130134819907941512e+00 -6.508292794381254076e-01
-7.767360304868858867e-01 -7.445737830447907157e-01
-9.606659827498109649e-01 5.774407491622015609e-01
6.586146790576774546e-01 7.330749789829186236e-01
9.353423777016738327e-01 -8.374691676932775053e-01
-1.212638365207736157e+00 8.238804370092018825e-01
1.168779259515515756e+00 -8.021394487309644328e-01
-1.104583662329600369e+00 8.557960727542697210e-01
1.277420286761046686e+00 -8.766073428918479404e-01
-1.360924607906832673e+00 7.188861886029280779e-01
9.053360925907946166e-01 4.287788970099225550e-01
4.583995424648496519e-01 -8.239950062546348430e-01
-1.169136032321346885e+00 5.087967165564950545e-01
5.611048371680436020e-01 6.678845954984108380e-01
8.069144403686863143e-01 -8.502157291387042459e-01
-1.256930728487476001e+00 5.806187052767264323e-01
6.633955588019589955e-01 3.435010196762244838e-01
3.580565232421408783e-01 4.119025920942920305e-01
4.379004180112431865e-01 -1.186403459021569129e-01
-1.192017366908006415e-01 3.027247509898386979e-01
3.125165370779756646e-01 -4.595577093205831520e-01
-4.967504344287817508e-01 1.514059688031089146e-01
1.525790785718456610e-01 5.696895564116619126e-02
5.703070612294436348e-02 4.859057355209724927e-01
5.306865728252707637e-01 -5.452728959663212249e-01
-6.116291688830537421e-01 2.458784279315559540e-01
2.510212667664671882e-01 -2.886157076429656798e-01
-2.970555234795806410e-01 -7.356888272807760032e-01
-9.410162693049949345e-01 5.452087316329551347e-01
6.115378593680496078e-01 -3.494887430465695166e-01
-3.648612439843254007e-01 -5.932541435616552894e-01
-6.826726379200142025e-01 1.187928081887322657e-01
1.193563784406269646e-01 7.555477091813008750e-01
9.857580059581800835e-01 -8.031263105253227952e-01
-1.107357461791411701e+00 3.479071069927637816e-01
3.630606758278047685e-01 -1.077132955754911275e-01
-1.081327884324327082e-01 3.292611875818772238e-01
3.419993794284281741e-01 -7.091616411283888644e-01
-8.854953079414799033e-01 7.710873301692741100e-01
1.023004185708577651e+00 -5.352740487057465746e-01
-5.975081488245532757e-01 5.620149333028371386e-01
6.357735376152795492e-01 -6.997028409957748440e-01
-8.667181004658582877e-01 6.522533014862357259e-01
7.792104678078757285e-01 -7.963656598881787563e-01
-1.088597444954179316e+00 7.908686690189329349e-01
1.073746819278247777e+00 -6.087394865498529928e-01
-7.069163053952138842e-01 -3.213170707680615967e-01
-3.331151238875632581e-01 -2.896455838732346910e-01
-2.981793476464635329e-01 8.087205329355938443e-02
8.104905727576383612e-02 1.940546793375501622e-01
1.965470940789311727e-01 -6.454901124680118008e-01
-7.675286612321005064e-01 -7.968660565857989264e-02
-7.985592000123702128e-02 2.245574399581489189e-01
2.284504363079584988e-01 -2.026047035462043844e-01
-2.054472667094308092e-01 -7.280405951211780247e-01
-9.245453166232401321e-01 5.284438605256603916e-01
5.879836257511192876e-01 5.645760234043959575e-02
5.651770278901668831e-02 3.990187127906461018e-01
4.224812762248404407e-01 3.260897958395103102e-01
3.384465070004168963e-01 4.512786662196910936e-01
4.863047808476476108e-01 -4.858776990856504274e-01
-5.306498715603900074e-01 3.005566906359528612e-01
3.101314645223379740e-01 7.349108065485490116e-01
9.393224671559319283e-01 2.534679909588385960e-01
2.591154433283663905e-01 -7.224139761913719315e-01
-9.126755897664986517e-01 8.540264917188504779e-01
1.270844939930775297e+00 -8.572468926110029530e-01
-1.282866944284683175e+00 6.100365999768310177e-01
7.089796509997754459e-01 4.236417324329389000e-01
4.521220041409346191e-01 -4.943864841803620180e-01
-5.418492242041330620e-01 4.281296131823208451e-01
4.576042675420383121e-01 -1.304997428821595140e-01
-1.312482173893670390e-01 -6.041280140269139620e-01
-6.996223516190580582e-01 7.269645805331372834e-01
9.222595201424134137e-01 -4.912440859193416554e-01
-5.376988230659331958e-01 2.925399494810794199e-01
3.013416761844185943e-01 -6.915195786886506601e-01
-8.508620928582133480e-01 -7.268000447952568423e-03
-7.268128426550057863e-03 6.049267041498733732e-01
7.008810302617970445e-01 -1.049958803037154831e-01
-1.053842822180508509e-01 -8.620254260165718385e-01
-1.301175345638648562e+00 7.523659139803006157e-01
9.783849538480690056e-01 -7.612830519935567808e-02
-7.627588640205573700e-02 5.377259457920632313e-01
6.009510196782574809e-01 -6.904805424608404518e-01
-8.488735771734331470e-01 4.527862072194805410e-01
4.881994708886081558e-01 4.654997229571851136e-01
5.043096611606552315e-01 -6.846501148339898535e-01
-8.378152026400966790e-01 6.168826955164226078e-01
7.199570460583840648e-01 2.875903871454816851e-01
2.959373943689623809e-01 8.035131550996185354e-03
8.035304482669453074e-03 1.568119493094260741e-01
1.581165873354724027e-01 1.737187213844842287e-02
1.737361996070374559e-02 5.930647626832036279e-01
6.823804564573555664e-01 3.849986281976892077e-01
4.059149648865363336e-01 -4.867029228744760849e-01
-5.317306841816933360e-01 5.909998032637778786e-01
6.792011338108665530e-01 -4.159848933751892353e-01
-4.428268778372514980e-01 3.979485310735791370e-01
4.212090838964954731e-01 7.577915441074900560e-01
9.910073761304644124e-01 -8.136793844269196718e-01
-1.137821970277838712e+00 5.716420213102635373e-01
6.499584902203842107e-01 4.813493510159818078e-01
5.247390709391217545e-01 -4.190948778819416631e-01
-4.465935474528491822e-01 1.158834541562459991e-01
1.164064062954279777e-01 -1.892039921431442895e-01
-1.915114786301946315e-01 -5.247096733952284486e-01
-5.828167307957643484e-01 8.506660033262225529e-01
1.258557734668158457e+00 -6.756842083461293003e-01
-8.211295683674886270e-01 -6.530809135677455579e-01
-7.806522368521021660e-01 7.553609611867502238e-01
9.853229887264298714e-01 -7.754439144217470936e-01
-1.033840131445065147e+00 4.512861269282987808e-01
4.863141495460339137e-01 -7.537207436914965530e-01
-9.815144343975287233e-01 6.759573077177915001e-01
8.216322672902431901e-01 -7.413696121757219482e-01
-9.535136237968998563e-01 6.925988811246853727e-01
8.529334776479575719e-01 -6.292949821035728197e-01
-7.402480137896754186e-01 5.485904304956888966e-01
6.163626663544099493e-01 -1.178385511499468151e-02
-1.178440059283608621e-02 1.597930095851379517e-01
1.611742747615487192e-01 -7.249273946778785893e-01
-9.179525781825380593e-01 8.798430457960498829e-01
1.375072363101097928e+00 -7.823722190662515397e-01
-1.051457143397758198e+00 7.093662364820244592e-01
8.859070144658701684e-01 -7.025222884610867746e-01
-8.722634132814508501e-01 6.350534949055695044e-01
7.498400099682953623e-01 -6.159929780959820800e-01
-7.185220276025245933e-01 -6.911420826162629344e-03
-6.911530876962806991e-03 -2.626842320242495088e-01
-2.689894129932457467e-01 6.424385471069598008e-01
7.623150459252931999e-01 -6.807832403787847930e-01
-8.305724044939810646e-01 -4.353600303875083122e-01
-4.664913414360794541e-01 1.374660120495982320e-03
1.374660986390996431e-03 6.287563116986597533e-01
7.393566574236003497e-01 -4.476360502198483693e-01
-4.817400182463438263e-01 -7.631631695200596921e-01
-1.003746652636646530e+00 8.338847930568985545e-01
1.200755134084030562e+00 -8.966371480593195997e-01
-1.454796021479408452e+00 8.549215283039640623e-01
1.274161445600895171e+00 -7.098478449267433543e-01
-8.868771039542202583e-01 -2.108119708044276785e-01
-2.140209290163463673e-01 2.823889330785683827e-02
2.824640312953324850e-02 3.844490192282415397e-01
4.052698744999911895e-01 -4.285757563724786334e-01
-4.581506675054095590e-01 2.666848711907310321e-01
2.732914514583011933e-01 -4.493807879028082208e-01
-4.839241081298830682e-01 -2.650449302950942942e-01
-2.715267754297771563e-01 3.721195126748056414e-01
3.908810356525665997e-01 -6.820229995383831900e-01
-8.328867298950949349e-01 3.251909340493192024e-01
3.374410218038438880e-01 -4.518536568689764943e-01
-4.870270511096168597e-01 -7.731369411284984283e-02
-7.746829410351036005e-02 -8.653850516922093616e-01
-1.314402152246138211e+00 7.290177707503925353e-01
9.266277598383531044e-01 -6.686557369602085243e-01
-8.083078644261062484e-01 4.357637084565022662e-02
4.360398470565658713e-02 -3.521719939941467259e-01
-3.679211123568081887e-01 3.705527795932790913e-01
3.890637099510774743e-01 -7.743121391084728522e-01
-1.031007600712957384e+00 4.692764925307384982e-01
5.091420962971435760e-01 -4.584984847873004865e-01
-4.954084429045556570e-01 3.345477545101580019e-01
3.479404374277714762e-01 3.283245956161653378e-01
3.409492649715575308e-01 -6.852708209356744851e-01
-8.389845172176024768e-01 5.502261987677432575e-01
6.187056707482728735e-01 3.717581977143064043e-01
3.904617120863819735e-01 -5.300135838440138691e-01
-5.901640500929123956e-01 5.563215919903199413e-01
6.274901841645353917e-01 7.374484540345864758e-01
9.448627409595939941e-01 -4.458546357674022520e-01
-4.795144132549645777e-01 -4.240411472915518454e-01
-4.526088826251090658e-01 5.123276540013004254e-01
5.658807387150861512e-01 5.460897819268281106e-01
6.127924401079201111e-01 -8.834727132307031994e-01
-1.391373536491605112e+00 8.649925025234951326e-01
1.312840999107940387e+00 -3.790123040020093037e-01
-3.989057658165230391e-01 3.498245908741442478e-01
3.652438718135394558e-01 -2.178985408626573361e-01
-2.214488348720448085e-01 -6.384655810115711372e-01
-7.555791064321304429e-01 4.788727011315286330e-01
5.215205202765834658e-01 -3.174629981511521010e-02
-3.175697120068407542e-02 5.205657111938629539e-02
5.210367019113770759e-02 -4.666998801731810920e-01
-5.058429171292997406e-01 -3.668976369691144268e-01
-3.848334161928199659e-01 8.415019815149377136e-02
8.434967606665921824e-02 -8.422589679780072558e-01
-1.228896573542133552e+00 5.731000454596825167e-01
6.521269077252975777e-01 -6.762613227064306898e-01
-8.221922752826831271e-01 4.883417709060577372e-01
5.338804964605767811e-01 3.384228582517447292e-01
3.523103175804283005e-01 3.833609063413984976e-03
3.833627843866149743e-03 -3.944762277153373575e-01
-4.170901684698303802e-01 2.524172127703028234e-01
2.579928409534349987e-01 -5.507953327003827226e-01
-6.195222915628789684e-01 7.681179029250861934e-01
1.015720943962225675e+00 -6.214584157578101342e-01
-7.273776735694683637e-01 4.203535214054071600e-01
4.481213401515410921e-01 -5.988167807113115026e-01
-6.913004468424319704e-01 5.815767208694284651e-01
6.648420016829180712e-01 -4.843579012448780419e-01
-5.286623251170678994e-01 3.438908263577186153e-01
3.584985445313311203e-01 -5.618084596973481615e-01
-6.354717882170149990e-01 5.736382833548226978e-01
6.529287546011804944e-01 -2.286419128789905775e-01
-2.327559958563993336e-01 4.714027892863629776e-01
5.118723888757217289e-01 -3.440410385463456566e-01
-3.586689135110425752e-01 3.056226004701177446e-01
3.157098392062978598e-01 -5.069641099538363394e-01
-5.586352060547497000e-01 -1.729857279330931918e-01
-1.747428644581861812e-01 5.685594712910720938e-01
6.453916332303228920e-01 -6.830464631598044400e-01
-8.348028047505221538e-01 -1.318742621649996172e-01
-1.326468066708028637e-01 6.000849304311808297e-01
6.932798949264649124e-01 -8.304114469134306065e-01
-1.189460413728131272e+00 4.516924000109591719e-01
4.868244419504240694e-01 5.000961397631079608e-01
5.494343389019646917e-01 -3.853989641451892045e-01
-4.063850513933109365e-01 -3.853761717013112764e-02
-3.855671220927714415e-02 -5.184167442520198898e-01
-5.741721649665318949e-01 7.548478375719982481e-01
9.841291705041816940e-01 -6.183319297421262517e-01
-7.222999599526541692e-01 1.809211011759515875e-01
1.829347961989049587e-01 -4.681608687231490484e-01
-5.077123639866524263e-01 -1.303643106539699170e-01
-1.311104412423768906e-01 -5.490064140183514851e-01
-6.169579317623672399e-01 6.757237948192919008e-01
8.212024147374609173e-01 -6.124424190555459724e-01
-7.128204525898513833e-01 -4.394977246367772761e-01
-4.716081136803897400e-01 5.359960156224743422e-01
5.985205902492758412e-01 -5.884079336535897875e-01
-6.752273826851942218e-01 9.567907442549049291e-02
9.597265288254470950e-02 -3.650883504184308515e-01
-3.827442882051725892e-01 -4.357488206067708369e-02
-4.360249308834796000e-02 2.220993524857459434e-01
2.258633130032681180e-01 5.410579982555879797e-01
6.056503135779662816e-01 -7.377950400758626071e-01
-9.456229412712617854e-01 2.677999326176924155e-01
2.744922739938699952e-01 8.736910141442693067e-01
1.348467197533989914e+00 -9.126771239214237497e-01
-1.543323353431036660e+00 8.303148142467419168e-01
1.189149194467174597e+00 -6.014016907494856845e-02
-6.021283261611848348e-02 -3.186123739015874756e-01
-3.301019426103756760e-01 2.680953167373417156e-01
2.748105058699081282e-01 -6.538495309276044776e-02
-6.547837058149863498e-02 -4.123123452838391434e-01
-4.383939969992867169e-01 -5.272881430516119794e-01
-5.863814826344255771e-01 -1.769679608440080931e-01
-1.788508781108284207e-01 -8.194870540730599118e-03
-8.195053992766787934e-03 -8.378835042433236888e-03
-8.379031129053304827e-03 -5.035471141756462377e-01
-5.540468759433911927e-01 -2.381886735347283068e-01
-2.428529607772210719e-01 -4.964045532191735943e-01
-5.445236422314316815e-01 -1.835649214058544809e-01
-1.856694427299578343e-01 -3.331184491957143168e-01
-3.463318650990329095e-01 -3.457587558394413230e-01
-3.606185527034131977e-01 7.474294344328795692e-01
9.671052075801465087e-01 -8.446049574778438096e-01
-1.237024941168838765e+00 4.388072979894591663e-01
4.707527200988771421e-01 3.499822007648160649e-01
3.654234703866973688e-01 -8.011422960870463461e-01
-1.101793419152992337e+00 9.142256372499673045e-01
1.552674146734340344e+00 -8.994002168181011170e-01
-1.469071668772940598e+00 9.139729574323398609e-01
1.551137373901870564e+00 -8.211653339001897534e-01
-1.160385071292772574e+00 2.273284138014211586e-01
2.313704813217937195e-01 5.662214082586957131e-01
6.419435022465909135e-01 -1.403045000248651086e-01
-1.412361771267782729e-01 -5.515563580199743798e-01
-6.206153966964015334e-01 5.272600780443807977e-01
5.863426104648178372e-01 4.408572461176643587e-02
4.411431891694478358e-02 -7.989115410159172148e-01
-1.095596077925060863e+00 8.223485346654128003e-01
1.164028890504629210e+00 -8.019497934432483488e-01
-1.104052004592995573e+00 4.612000104950148005e-01
4.988344385229398492e-01 -4.638096539298730003e-01
-5.021542234830616014e-01 4.159775176792160911e-01
4.428179587852852928e-01 -6.266480087611143723e-01
-7.358775445922112191e-01 6.299059581675024999e-01
7.412602286512596228e-01 5.641404572230213077e-02
5.647400699968559146e-02 2.438672649274717108e-01
2.488818155632274431e-01 -7.348104725454716879e-02
-7.361373013434854840e-02 1.089056302067831633e-01
1.093392764517116394e-01 -1.474033057230193233e-01
-1.484850230608139865e-01 7.630218713569545397e-01
1.003408367705986848e+00 -7.667925312262331428e-01
-1.012496285564724818e+00 2.962110237869771123e-01
3.053610645633780818e-01 4.046870372036505126e-01
4.292412762393879588e-01 1.568922193555561187e-02
1.569050943518471297e-02 -7.406440415643833486e-01
-9.519044937621987668e-01 7.236548110815947954e-01
9.152757184176567584e-01 3.980620604115630567e-01
4.213439822407053503e-01 -6.284308959219048196e-01
-7.388186645487732074e-01 2.089153325818796647e-01
2.120369083590736281e-01 5.775003904654585352e-01
6.587041596594107595e-01 -8.526510738310560944e-01
-1.265784741817730819e+00 8.395797359677893423e-01
1.219747699165573351e+00 -6.027090587421001233e-01
-6.973908881795465309e-01 1.270375091896541464e-01
1.277276033778467212e-01 2.187066483790826021e-01
2.222973807663942702e-01 5.274134741960210260e-01
5.865550952535336648e-01 -7.005068198888185771e-01
-8.682949842884789549e-01 8.304878269984802275e-01
1.189706520540928292e+00 7.391205003760141501e-02
7.404708656157393820e-02 -3.087382154102129572e-01
-3.191500783798569829e-01 -4.812938945637701416e-01
-5.246668929834634731e-01 2.237570004174143923e-01
2.276076496680502492e-01 4.518446526292009824e-01
4.870157368675236409e-01 -3.740114506418475426e-01
-3.930788636876888509e-01 6.215652249688876640e-01
7.275517084381528665e-01 -4.002941759713998793e-01
-4.239991887632349465e-01 -6.205449717733179105e-01
-7.258908434339330640e-01 1.397124335433719000e-01
1.406322726671040413e-01 7.109957560098729701e-01
8.891947101912645035e-01 -6.997833787919129911e-01
-8.668759064514460766e-01 -2.882636192515920515e-01
-2.966714839797676695e-01 -4.653909967549597210e-02
-4.657274289617654994e-02 1.469933243851453131e-01
1.480659617714555065e-01 2.333146462289002465e-01
2.376920853534995881e-01 -8.413132307593728099e-01
-1.225651026984028391e+00 8.320883714278723975e-01
1.194886980573828694e+00 -8.808564525693983738e-01
-1.379576732448379861e+00 8.944941269217809854e-01
1.443970255015825987e+00 -8.210179862352385838e-01
-1.159932818883830041e+00 1.919406643921838795e-01
1.943512886043943233e-01 -2.301736027858298228e-01
-2.343727738092830082e-01 7.506411555999278340e-01
9.744221866311881808e-01 -6.027873363903758497e-01
-6.975138319695703970e-01 6.541677890016186492e-01
7.825497983455785844e-01 -5.550332033454017377e-01
-6.256262559479706109e-01 3.073281484301330635e-01
3.175921918396455990e-01 5.494858857582478606e-01
6.176445307787784555e-01 -1.273389281472152301e-01
-1.280339785204512026e-01 7.064758230547803046e-03
7.064875770000270117e-03 2.063060423380274344e-01
2.093100841746892704e-01 2.908454078948077837e-01
2.994895462179204548e-01 -1.227359447508578894e-01
-1.233578785099709862e-01 -2.155908382013393965e-01
-2.190273749493187594e-01 4.753591432001390005e-01
5.169713899182737382e-01 8.648304993209461611e-03
8.648520614294274989e-03 6.931444816769759543e-01
8.539828533311629721e-01 -4.658083566206229764e-01
-5.047037456150414991e-01 2.931834293731230279e-01
3.020455236801517507e-01 4.692043140597497164e-01
5.090495376581030129e-01 -5.620140557897744804e-01
-6.357722549634285958e-01 6.367399575724604910e-01
7.526713817970491771e-01 -5.899253108357315201e-01
-6.775515039964049580e-01 8.250337400469858196e-01
1.172380299238006351e+00 -5.452642644268851368e-01
-6.116168851796415229e-01 2.788354726758591751e-01
2.864189256720634513e-01 -2.240035733412847618e-01
-2.278672335565555818e-01 -2.638252033341296765e-01
-2.702153453206812550e-01 -3.935650132358892855e-02
-3.937684043955974600e-02 -7.044439798226778127e-01
-8.760679142619551829e-01 2.469565530194731684e-01
2.521690896105219792e-01 3.016502926669126783e-01
3.113341018005601479e-01 -6.141754490669018018e-01
-7.155984062758122821e-01 -5.240572275806176794e-01
-5.819168327267491003e-01 -9.948362566935259332e-02
-9.981378465502331598e-02 4.335224817923991614e-01
4.642262870455834967e-01 -8.402683463313798118e-01
-1.222085718859587722e+00 1.626390277602677847e-01
1.640962387298562364e-01 4.567946257364967066e-01
4.932531847062758823e-01 -7.730897986688015644e-01
-1.027962301146422952e+00 6.609847122623238036e-01
7.945603513500019144e-01 2.159254822105438065e-01
2.193783577685221031e-01 -6.478563917116928472e-01
-7.715957476156676265e-01 8.149833348351525064e-01
1.141692830877226950e+00 -3.827180826344250830e-01
-4.032403151078716164e-01 -2.314121876214949858e-01
-2.356810443518911891e-01 -8.079124966074974212e-02
-8.096772221950665482e-02 -6.862833992462381572e-01
-8.408960905723436019e-01 1.219851524916244212e-01
1.225956744138683302e-01 -1.356437361804544162e-01
-1.364849556895854632e-01 -6.602261462654943625e-01
-7.932144222638634057e-01 -5.686508160612258750e-02
-5.692649448931982187e-02 4.779217422038500862e-02
4.782861140857386228e-02 -3.190249698558035307e-01
-3.305612222073937012e-01 -1.604516455897246341e-01
-1.618502420258473018e-01 -3.158137220807118450e-01
-3.269901683051623653e-01 -3.439225789857502241e-02
-3.440582756525711883e-02 -3.533505023249187693e-01
-3.692671186221807567e-01 -3.049158440393594516e-01
-3.149304522019084063e-01 -3.664851035117452915e-01
-3.843567950211121964e-01 6.732991459417408953e-01
8.167537801479686221e-01 -9.039302939758417921e-01
-1.493300785987227819e+00 8.865713567031846543e-01
1.405671208906910552e+00 -6.916395974344957676e-01
-8.510921382510732158e-01 -3.338897435836078731e-02
-3.340139026997870908e-02 7.253525078155066697e-02
7.266286529888210666e-02 -5.887209301816337392e-01
-6.757062694885670462e-01 -4.450436013619721853e-01
-4.785026121982179359e-01 6.275318908130381734e-01
7.373342738133215057e-01 -6.779777477150402687e-01
-8.253619880563370925e-01 2.335816825756280857e-01
2.379745134833534115e-01 -1.103024585126582274e-01
-1.107530891969522174e-01 3.140458756490958625e-01
3.250276800222030027e-01 -5.772449827901020569e-01
-6.583210332606281856e-01 2.694972351953863199e-01
2.763216036392951436e-01 -2.015516378904954053e-01
-2.043493675794561815e-01 4.256216789941670853e-01
4.545374942434826093e-01 -5.019617490603652810e-01
-5.519252410691104505e-01 3.415922420373219692e-01
3.558939977625940054e-01 4.700343193505413519e-01
5.101143875196207933e-01 -6.604518229541648244e-01
-7.936145920041739465e-01 1.705509444789586881e-01
1.722340589085230578e-01 5.460031410043181266e-01
6.126689906685457432e-01 2.299314616215098195e-01
2.341171013936665934e-01 3.192832437616458657e-02
3.193918045216725954e-02 8.192531203291908426e-02
8.210934128782115815e-02 -3.951743053812867834e-01
-4.179171640462348014e-01 -3.289382222699851477e-01
-3.416371861876952853e-01 3.690935356414897645e-02
3.692612781936480126e-02 -2.029746694525896566e-01
-2.058330994752747833e-01 5.458036213544935622e-01
6.123847703877318693e-01 -5.574356904258879197e-01
-6.291050866468786973e-01 3.134149037696043472e-01
3.243278235013398736e-01 -6.039323578983667451e-01
-6.993143032977201523e-01 5.031753911379240884e-01
5.535490064214849681e-01 -1.795368050038000374e-01
-1.815040247696484699e-01 6.011740871728158409e-01
6.949837153161420034e-01 -7.891781812712977962e-01
-1.069249180541841593e+00 7.860531206365106716e-01
1.061017873428393266e+00 -7.264404703480187298e-01
-9.211488897031016032e-01 7.929658171124522870e-01
1.079371247217746799e+00 -7.328320843859361666e-01
-9.348175169185430899e-01 6.019876079333496000e-01
6.962586257901814957e-01 -8.866013701137909209e-02
-8.889354673033184051e-02 5.743044457803738734e-01
6.539222013342659290e-01 2.366594039430439111e-02
2.367036012717346760e-02 6.578888044916214595e-01
7.890822250569973217e-01 -6.376694818779402585e-01
-7.542363168932497697e-01 5.489273204225686431e-01
6.168447202097380178e-01 6.646800732889058816e-01
8.011515772856652173e-01 -1.748133094208480509e-01
-1.766274380048187265e-01 -3.085236308064070454e-01
-3.189129020021789218e-01 6.709251185454159216e-01
8.124236935787813030e-01 -1.204472713213271956e-02
-1.204530964758182554e-02 -4.871598316611923662e-01
-5.323295963686549559e-01 5.419748881988692979e-01
6.069476284523507292e-01 -4.821544856045798522e-01
-5.257875393505725414e-01 2.250586287127424590e-01
2.289783027337068955e-01 8.218202767737812220e-01
1.162399355186149119e+00 -8.920965030924176142e-01
-1.432101736826445482e+00 5.764168206319015830e-01
6.570799056847138608e-01 6.045645689255007005e-01
7.003100936173201063e-01 -5.682038258076835824e-01
-6.448662627539022418e-01 -3.738318980602034491e-02
-3.740061879439973702e-02 1.743440388874550884e-01
1.761434155641675159e-01 -1.258803778287864439e-01
-1.265516664534081515e-01 -1.222513821515890386e-01
-1.228659344283155597e-01 -7.097844166722562242e-01
-8.867492659198416005e-01 6.671981584670352294e-01
8.056762523039789903e-01 -4.962118203148841999e-01
-5.442679191519106396e-01 -5.740128541797787781e-02
-5.746445432307667467e-02 4.474491501422706574e-01
4.815063071481268109e-01 7.083542639023897303e-02
7.095426032934806782e-02 -4.806172044481212824e-01
-5.237865674372897962e-01 5.568697930655408523e-01
6.282844469142653265e-01 3.708281634665478999e-01
3.893829628194452885e-01 -2.323762139393483195e-01
-2.366998573546649220e-01 4.118795148413693097e-01
4.378726256697457186e-01 -2.496660037613351868e-01
-2.550565809412947971e-01 1.619470307766603112e-01
1.633855221308808670e-01 -6.366298251755339033e-01
-7.524861708885076661e-01 2.327413718071479343e-01
2.370858934462655720e-01 -2.210050221458152164e-01
-2.247124941537849141e-01 -3.379441996775215395e-01
-3.517698463197675984e-01 -4.028654443288919862e-01
-4.270648477205353233e-01 -4.111433741697941846e-01
-4.369864120284431830e-01 -2.988493616669581909e-01
-3.082556452603548713e-01 4.768485019899235677e-01
5.188973062847334061e-01 -7.107743704120549344e-01
-8.887471432316279563e-01 -5.452655831913773288e-02
-5.458069338782645108e-02 -7.829195294211136469e-01
-1.052869683879837481e+00 5.093518177594491547e-01
5.618541200208314601e-01 -2.210688152130623751e-01
-2.247795640777585091e-01 3.274265190824396932e-01
3.399430139576253840e-01 -4.204775960783471711e-01
-4.482720532509200106e-01 -6.326962822273815013e-01
-7.458995066941375152e-01 7.047057886304343155e-01
8.765878154116378829e-01 -8.108015874032524772e-01
-1.129364312845182239e+00 6.183090359231582234e-01
7.222628957331410637e-01 -2.907533200375888027e-01
-2.993889516547994512e-01 3.569704000304180225e-01
3.734095447257937961e-01 -2.579382540212823982e-01
-2.638984490459548304e-01 -5.889610152018914802e-01
-6.760737842716005863e-01 5.856239751712203345e-01
6.709797249499160898e-01 -2.001406398830433975e-01
-2.028790582258692132e-01 -3.892656825134875875e-01
-4.109342841153464931e-01 6.834507996850051059e-01
8.355611662112933935e-01 -5.934934408956896723e-01
-6.830419766355848576e-01 -5.874323652926933814e-01
-6.737364850290619156e-01 5.282151140981677928e-01
5.876663049018302498e-01 -5.250270949437745305e-01
-5.832548478195659358e-01 4.026124853756166688e-01
4.267629158087268837e-01 -1.919434695808060198e-01
-1.943542010942606035e-01 -6.203725526208064833e-01
-7.256105011810465300e-01 8.482862602382312822e-01
1.250009344374370501e+00 -7.350444387776855493e-01
-9.396130933789517137e-01 5.724992165410915934e-01
6.512326846609288733e-01 -8.995365794522525160e-01
-1.469785771629144033e+00 9.038430783116073730e-01
1.492824168609570679e+00 -6.381574722183246395e-01
-7.550591428111977921e-01 -5.215785093906651904e-01
-5.785057222649676589e-01 4.977859339340511280e-01
5.463583986980848906e-01 3.627211080559037404e-01
3.800157069041516511e-01 -7.119367544312585894e-01
-8.911002774090700518e-01 1.258609187364699844e-01
1.265318940993798158e-01 5.318434437479527821e-01
5.927121962149539680e-01 -8.599390754403316572e-01
-1.293110753828518256e+00 7.588120511873293061e-01
9.934086945394460244e-01 -1.628772791467320569e-01
-1.643409731863453849e-01 -6.317447488340910411e-02
-6.325872012037384029e-02 -4.394711066495802787e-01
-4.715751238143200408e-01 5.880323013809035659e-01
6.746530188270783990e-01 -1.844254779789168686e-01
-1.865601537029631940e-01 -2.671262021731756198e-01
-2.737666337560746843e-01 1.615418505769607160e-01
1.629694571387395319e-01 -5.277766814334758916e-01
-5.870584009506133460e-01 7.292586972559516045e-01
9.271421672139456005e-01 -7.449363382660568744e-01
-9.614800918716600586e-01 7.112745870211725219e-01
8.897588180089459620e-01 -9.106392427635360276e-01
-1.531255759199600330e+00 7.699617296867600214e-01
1.020233757970246735e+00 -5.358607163973375664e-01
-5.983307714039106662e-01 6.499126251387690179e-01
7.751474226212559104e-01 -6.383415197490008852e-01
-7.553696994480059157e-01 7.256779937585479123e-01
9.195363352349308350e-01 -2.670845888473647456e-01
-2.737218234240160752e-01 -6.242630516368800064e-01
-7.319600960394962996e-01 5.003954258287096613e-01
5.498335178459518024e-01 6.456969804628338583e-01
7.678833677084484499e-01 -8.031519367960151534e-01
-1.107429655068983276e+00 5.136592159936791413e-01
5.676878701585815756e-01 -2.709273381127360603e-01
-2.778643500367329322e-01 5.051855102929617702e-01
5.562442540914938061e-01 -3.976819775048490158e-01
-4.208924153116807010e-01 6.702181799194874001e-01
8.111391295015883962e-01 -4.870320006707158367e-01
-5.321620013841208419e-01 5.467015754828541407e-01
6.136646221486987685e-01 -6.373492610386695123e-01
-7.536968447332154097e-01 6.246312777853464393e-01
7.325636804558871562e-01 -4.433607245015597775e-01
-4.764060500112156094e-01 7.752396126790657149e-01
1.033327898175183002e+00 -7.493909427449605420e-01
-9.715643947677061742e-01 4.834046699324211216e-02
4.837817388863990820e-02 3.079103274081063657e-01
3.182352203734469809e-01 -1.235065453498272736e-01
-1.241403403648784209e-01 2.352664388352146696e-01
2.397572393196740759e-01 6.717167567257847915e-01
8.138647965560013020e-01 -3.485542501270663673e-01
-3.637971241127320177e-01 7.893319871879242999e-01
1.069657071138660154e+00 -7.842260571458691265e-01
-1.056254359981399826e+00 8.899108277496299291e-01
1.421497115823290969e+00 -7.163949853912610077e-01
-9.001994775245466540e-01 5.110152225399575698e-01
5.641028388253394033e-01 5.841084271560103014e-01
6.686762187164110305e-01 -5.623710878254432055e-01
-6.362942778106150943e-01 -9.564079590637561412e-02
-9.593402084851179734e-02 4.250871961391124165e-02
4.253435170453442882e-02 1.851416443012060542e-01
1.873016380169812423e-01 -7.072240512247547350e-01
-8.816081660039827295e-01 -3.374225737436685191e-01
-3.511810837261254425e-01 2.204511141117604101e-01
2.241302170487989853e-01 6.039287999339814084e-01
6.993087025667016343e-01 -5.313540801124544410e-01
-5.920300638057131026e-01 1.260076266775777831e-01
1.266809662416231719e-01 -6.464642429976662497e-01
-7.692003765161500306e-01 8.739217655322051304e-01
1.349443045935035057e+00 -7.835597308789711279e-01
-1.054525939443689886e+00 4.001473932555678625e-01
4.238244106732880767e-01 -7.428655085919658729e-01
-9.568433103898895675e-01 9.000247742820751684e-01
1.472349895845667778e+00 -8.198805998023382946e-01
-1.156453104000969123e+00 2.980472283743060280e-01
3.073750786111694167e-01 1.173863325869289598e-01
1.179300116969944634e-01 -2.615438288387333943e-01
-2.677648795800660064e-01 -7.492492807862249915e-01
-9.712413486910657090e-01 8.150583114472347290e-01
1.141916147660392511e+00 -7.199478535976756577e-01
-9.075367143458581420e-01 -6.352928005791144139e-01
-7.502411559675747910e-01 5.519149067243611650e-01
6.211308581862587941e-01 5.602653134018782677e-02
5.608526390424070640e-02 3.859794839920189374e-02
3.861713331317953579e-02 -6.859811937661845771e-02
-6.870602497257671804e-02 -4.794874205057135241e-01
-5.223184567068738238e-01 7.974018898252933640e-01
1.091436621369267446e+00 -4.834975252697805703e-01
-5.275388458326168983e-01 -2.175978888631124875e-01
-2.211332181273410469e-01 2.292431182831768943e-01
2.333904563233810125e-01 -4.160744981577696455e-01
-4.429352376053140583e-01 -6.571222321586053239e-01
-7.877318800875116045e-01 7.229926710060617934e-01
9.138870092979083370e-01 -5.131278501954297244e-01
-5.669663243954836673e-01 -8.129186947893954907e-01
-1.135575027244374979e+00 8.824606540745477679e-01
1.386780961047058502e+00 -9.435632678936713980e-01
-1.769579039176412794e+00 7.227626673523190881e-01
9.134052736425343211e-01 -2.966539320190414997e-01
-3.058466415294980312e-01 -2.976633040864308521e-02
-2.977512641641544278e-02 -3.536806238834179217e-01
-3.696443888772320552e-01 -2.604135570138703670e-01
-2.665519983988541841e-01 1.729550587709154652e-01
1.747112494131566329e-01 -2.799257553156534462e-01
-2.876015136303733954e-01 -3.573867088766513600e-01
-3.738867313978475049e-01 1.008723152646492649e-01
1.012165521343532659e-01 1.086930694403593668e-02
1.086973501433036171e-02 -7.316141521649904833e-01
-9.321918062989827947e-01 5.086563640366578154e-01
5.609154779795800794e-01 -6.983768981598055259e-01
-8.641250386815247930e-01 7.758280795746371750e-01
1.034804428725087266e+00 -8.056079410533502072e-01
-1.114387790677562329e+00 6.427297907554537781e-01
7.628111297483179953e-01 -5.714692950271311744e-01
-6.497019625282807187e-01 2.692824968894100834e-01
2.760900621585206105e-01 5.844418771425206049e-01
6.691825026307081092e-01 -2.756978645432405783e-01
-2.830200165463278017e-01 2.919010426554927706e-01
3.006431174249608040e-01 -1.190016800665481961e-01
-1.195682453879389207e-01 8.276548018436143961e-01
1.180644731677231274e+00 -8.866105817810748801e-01
-1.405854540971271494e+00 9.340309677931674104e-01
1.689088132630776951e+00 -5.983679541523905243e-01
-6.906009991792722014e-01 -2.746905313682515004e-01
-2.819301452858762880e-01 5.428747883817652831e-01
6.082226807516469824e-01 3.076374355484452483e-01
3.179337740829752401e-01 -6.435225089531956266e-01
-7.641629948054267096e-01 -3.582509313268037454e-01
-3.748778512962778753e-01 6.587445868306077701e-01
7.905925565487434969e-01 -3.311058001218571967e-01
-3.440697017406093572e-01 3.120129214071887813e-01
3.227738807235942531e-01 -2.422739416710970317e-01
-2.471884417125983502e-01 -7.567789962023155903e-01
-9.886333924338017720e-01 7.169637007805413909e-01
9.013687821958273894e-01 -2.674569782959814734e-01
-2.741228604241187083e-01 6.884681585766350143e-01
8.450377145850416216e-01 -7.617804759463067121e-01
-1.000443796106259775e+00 6.296296595141089858e-01
7.408023199752580279e-01 -7.056104244130090297e-01
-8.783871843055195416e-01 6.394987362745686577e-01
7.573251816432802208e-01 -7.148385453823883351e-01
-8.970093426200291820e-01 7.781665616965040000e-01
1.040705634284917913e+00 -7.980669306491662285e-01
-1.093265568372606467e+00 6.183200034604910966e-01
7.222806515456901000e-01 -7.825941206626133573e-01
-1.052029467659279849e+00 7.333984954981841442e-01
9.360420788650581914e-01 -6.914203276299472067e-01
-8.506719091116426990e-01 -6.233895906711492407e-02
-6.241990064324687282e-02 5.216377814552247694e-01
5.785871483312391428e-01 -1.005262323086239390e-01
-1.008669238234409793e-01 -4.100625575109055898e-01
-4.356864239091586266e-01 3.881888877776475399e-01
4.096658116946951811e-01 4.324185147649062255e-01
4.628676191849697141e-01 -2.371254783435518265e-01
-2.417261205185811668e-01 3.634538309321248550e-01
3.808596948970009999e-01 1.050353536027419654e-01
1.054241956940641656e-01 -1.543022217571724530e-01
-1.555446218611057363e-01 4.430323765000644398e-01
4.759974418961550047e-01 6.886878195769969846e-01
8.454554319635494419e-01 -8.015470284189544214e-01
-1.102924440961106978e+00 8.497210469634286500e-01
1.255148433674009967e+00 -4.817685647073342015e-01
-5.252848503682789882e-01 7.678273732603989599e-01
1.015012711561170455e+00 -8.823078984839322070e-01
-1.386091001704892856e+00 9.139334440314795804e-01
1.550897447311049504e+00 -7.315307174788524547e-01
-9.320123003425975217e-01 -5.588168828358946322e-02
-5.593996593944966511e-02 4.447916962335315416e-01
4.781885349335386337e-01 1.370395407872589955e-01
1.379071986800246008e-01 -6.183494365806944254e-02
-6.191393483161168609e-02 2.050839016099551271e-01
2.080339494621347707e-01 6.265619941203175447e-01
7.357359255079565230e-01 -7.331640541784570919e-01
-9.355349578245230058e-01 5.890829851021578412e-01
6.762605530107768104e-01 3.163088986210186859e-01
3.275403001453929264e-01 -1.194420608451955135e-01
-1.200149759372033942e-01 -6.757007420320316760e-01
-8.211599925093853169e-01 8.556998981988946928e-01
1.277061018114874713e+00 -6.520738891390452929e-01
-7.788982740221681578e-01 -1.452829227452663297e-01
-1.463182345929522343e-01 2.862846547653358220e-01
2.945145112802300957e-01 -1.786848218873117733e-01
-1.806238034926662683e-01 5.807088880247575080e-01
6.635316160245063877e-01 -1.987309886192653585e-01
-2.014110158144135354e-01 4.805213591706303244e-01
5.236619398016263416e-01 2.114271822099558495e-01
2.146648405323894893e-01 2.595518486676470227e-01
2.656278241091056258e-01 -1.414023417153679463e-01
-1.423562406476315267e-01 3.036426836829020370e-01
3.135273876233189982e-01 1.744930624071083514e-01
1.762971148993102422e-01 -2.120553409070237982e-01
-2.153224842934935435e-01 -2.080305309175063122e-01
-2.111119050902947603e-01 -7.534307503031612008e-01
-9.808433453338968322e-01 4.703545834293563765e-01
5.105255532961803233e-01 -1.658607444350339646e-02
-1.658759562582087094e-02 -3.860023411051912157e-01
-4.070938767962686833e-01 -1.979572743029831827e-01
-2.006056167338233220e-01 3.801758692405105000e-01
4.002652168876170702e-01 5.836745488007152316e-01
6.680179003189060660e-01 -8.285070970113339595e-01
-1.183356617576070136e+00 6.258677791067350782e-01
7.345938517008944180e-01 -4.309158825582420360e-01
-4.610208692662812746e-01 8.418974561139427326e-01
1.227653855478309408e+00 -6.885240910216700039e-01
-8.451440554732674304e-01 1.636584344150215919e-01
1.651435215443953775e-01 7.920094136993626188e-01
1.076800013097201081e+00 -6.725870262418667256e-01
-8.154522667478999454e-01 1.278849966962201934e-01
1.285890869206292031e-01 6.313698808974410603e-02
6.322108320636204981e-02 -6.773534440602252404e-01
-8.242075146545901898e-01 5.613635899332627410e-01
6.348219838643870405e-01 -7.608531934502007488e-01
-9.982380614369380512e-01 6.707993363933776321e-01
8.121949754135517896e-01 -8.704413035421937339e-01
-1.334897820127444845e+00 5.405715367950707506e-01
6.049627543318463196e-01 1.707562221532844260e-01
1.724454941368817606e-01 -3.837730014959651603e-01
-4.044768533738861138e-01 7.161234374021777649e-01
8.996418528702709860e-01 -1.432050487977503395e-01
-1.441962082419690760e-01 3.148091874968627635e-01
3.258747358236385727e-01 -5.234925325236429172e-01
-5.811386512007218341e-01 6.407330395427476288e-01
7.594163308518850908e-01 4.558009252522391419e-01
4.919981830526213851e-01 -1.799542615407654644e-01
-1.819354189953920620e-01 -4.942404871682755663e-01
-5.416560180826728299e-01 8.296188071700070221e-01
1.186912342228382267e+00 -8.595296271978611347e-02
-8.616557695286319873e-02 -6.885854416022523239e-01
-8.452607154373115161e-01 7.709547500618477711e-01
1.022677252468694675e+00 -3.144249805634057870e-01
-3.254483206407295381e-01 6.795449297498862284e-01
8.282680402242703632e-01 -8.324826302682362122e-01
-1.196169954614224817e+00 6.915435948309963665e-01
8.509081198337178353e-01 4.085061816574295235e-01
4.338168717908674754e-01 -7.152534732320475763e-01
-8.978583708538598884e-01 6.354846038702857136e-01
7.505628218120886652e-01 -5.953400087267290974e-01
-6.858974886655722081e-01 8.951837542520367785e-01
1.447431152103165530e+00 -6.625980536871197701e-01
-7.974309058973955144e-01 -4.724560272249814924e-02
-4.728080292083977620e-02 -6.005047606916350533e-01
-6.939362426988883170e-01 4.440174616310821887e-01
4.772237619879237114e-01 4.820603602798201326e-01
5.256649120636291972e-01 -5.699849120342077580e-01
-6.475004958811565459e-01 6.114441560588323998e-01
7.112245726685103575e-01 -2.741249554767614671e-01
-2.813185137574300554e-01 4.090445615380856603e-01
4.344632617133142860e-01 -6.885929262348271518e-01
-8.452749489728381693e-01 7.113067653960554182e-01
8.898239477743230541e-01 -1.455439783198601289e-01
-1.465849294510604417e-01 -3.716256829878816781e-01
-3.903079550753288940e-01 4.716260014519891852e-01
5.121594141819076906e-01 -7.936804128808064851e-01
-1.081299262069344458e+00 8.040057948476647676e-01
1.109839909797407875e+00 -3.731441106563558874e-01
-3.920708440108372494e-01 -6.372852949760728913e-01
-7.535891263296515818e-01 3.938792817232810717e-01
4.163834088930250532e-01 -3.843618232101224108e-01
-4.051675596726645456e-01 6.779718284745250845e-01
8.253510336037228612e-01 -5.441683587213368423e-01
-6.100586158223240130e-01 -3.061607607862524838e-01
-3.163035531944772272e-01 8.033606341379629923e-01
1.108017900595620775e+00 -4.802086006817798958e-01
-5.232553636494042815e-01 5.379070110665892801e-02
5.384267140718751454e-02 -5.910216327102689737e-01
-6.792346811200715706e-01 1.568297713640933455e-01
1.581348587346821100e-01 2.772252414936361986e-01
2.846737937543991626e-01 -7.505557764529903197e-01
-9.742266328800477382e-01 5.154583173907310023e-01
5.701348660379613742e-01 -4.214789746510119173e-01
-4.494891247262470246e-01 -1.959881630738002922e-01
-1.985570228752502608e-01 -2.681472575572426686e-01
-2.748664698885388558e-01 2.019749036603390169e-01
2.047905950281708742e-01 5.526878818471002708e-01
6.222431117686961777e-01 -1.576846792008211040e-01
-1.590114444502385149e-01 4.713413188401479603e-01
5.117933585549852005e-01 -5.375070432705608692e-01
-6.006431262578727504e-01 3.871139293969789175e-01
4.084007473079628303e-01 3.222371768827161920e-01
3.341415018091485889e-01 -2.255594770768060697e-01
-2.295059359743231997e-01 1.510309541177830561e-01
1.521952877275029037e-01 3.100060328785677610e-01
3.205520835922990308e-01 4.577286838191345630e-01
4.944341738937149122e-01 -2.268126377059394294e-01
-2.308266655117848232e-01 6.640590113178386211e-01
8.000397843340961712e-01 6.238111407465646296e-01
7.312199593899931793e-01 -6.374236082223708744e-01
-7.538220634613106430e-01 5.777197478945583775e-01
6.590333439709230579e-01 8.204345951209340848e-01
1.158145512973647318e+00 -6.853885465645099817e-01
-8.392065056664308464e-01 -1.894421678240635065e-01
-1.917585086665219984e-01 5.210029468185173318e-01
5.777153921545774562e-01 6.483268183527646222e-01
7.724068599169409133e-01 -4.074312662334598767e-01
-4.325273261230899724e-01 -1.966227049741013366e-01
-1.992169974655233766e-01 6.037561459599202207e-01
6.990369667016881339e-01 6.446392753097965889e-01
7.660714770850347577e-01 -6.831658096670703006e-01
-8.350265657458427748e-01 2.687232241179524639e-01
2.754871619786933290e-01 -2.154645617045271300e-02
-2.154979141199875325e-02 1.999084464760117197e-01
2.026371876186247034e-01 4.116481173769585555e-01
4.375939847994920751e-01 4.296967610336164256e-01
4.595247139957254201e-01 -8.322630487742327388e-01
-1.195455067352794165e+00 9.441094709617292580e-01
1.774582178357943629e+00 -8.580800785206382786e-01
-1.286018026234647227e+00 6.998473199680850243e-01
8.670012177971451184e-01 -6.031997160619456677e-01
-6.981618214016525048e-01 8.086137761966222248e-01
1.123011230423909712e+00 -5.290501527685879113e-01
-5.888251997660588488e-01 4.318849357333334193e-01
4.622115080056866110e-01 -3.283211749667939716e-01
-3.409454310400203414e-01 1.081701095235410304e-01
1.085949876621576382e-01 4.395583582830690506e-01
4.716832655290338350e-01 -7.637455118376780261e-01
-1.005142697393782480e+00 8.081293369629398704e-01
1.121613279651275885e+00 -6.880352100168053431e-01
-8.442151025649353713e-01 6.643269577052545172e-01
8.005192466442297983e-01 3.088478097761307700e-03
3.088487917836391095e-03 -6.489248562308489454e-01
-7.734392334299399208e-01 8.894751676048370248e-01
1.419407078562286539e+00 -5.459022569574404349e-01
-6.125252680251122017e-01 -4.004137196039340152e-01
-4.241415506222827037e-01 -1.924576898976771144e-01
-1.948881459138422367e-01 8.179949277682972975e-01
1.150727464316842141e+00 -5.767626330419755032e-01
-6.575979423637834387e-01 -6.800776216335792101e-01
-8.292584379593630484e-01 8.624036286612791757e-01
1.302649325923850965e+00 -6.077497778901831404e-01
-7.053454345034788631e-01 -5.059754850858513286e-01
-5.573054943874958811e-01 4.405159299924028549e-01
4.728707788039940851e-01 -6.546412870478577339e-01
-7.833779473884469047e-01 2.554132547805086362e-01
2.611953619849167740e-01 -5.276640831717241964e-01
-5.869023420253087764e-01 4.292779938460222766e-02
4.295419763713698158e-02 5.137510467503344502e-01
5.678126220657471190e-01 -8.658024581485543880e-01
-1.316066802343232478e+00 8.072704582323637634e-01
1.119142541892576004e+00 -1.525068035175657088e-01
-1.537059333246870718e-01 -6.284380220200882494e-01
-7.388304418582472000e-01 5.646046778853539561e-01
6.395670321060407115e-01 1.944026750452810537e-01
1.969087325212126593e-01 -4.519854934001710789e-01
-4.871927230342311121e-01 7.278804143642784164e-01
9.242045597847686755e-01 -7.172686085880437545e-01
-9.019964946717136112e-01 5.834443945919332020e-01
6.676688953878893162e-01 -5.596859028394036706e-01
-6.323757031083703239e-01 3.019949617793839525e-01
3.117133161712529743e-01 2.523359826980620668e-01
2.579060850555654483e-01 6.648006981513722435e-02
6.657826877884642780e-02 6.872054574325774379e-01
8.426411511423171907e-01 1.686807344096901383e-03
1.686808943934636762e-03 -2.860831319302867826e-01
-2.942950111124648105e-01 6.275126436564981702e-01
7.373025241353807768e-01 5.740326440919898410e-01
6.535167271643048670e-01 2.433606914697919454e-01
2.483432812822808922e-01 -2.446410652933815877e-01
-2.497047099390427016e-01 -2.059044096717400074e-01
-2.088906335039627526e-01 8.871276362429099116e-01
1.408276763401979270e+00 -4.886174640088690180e-01
-5.342425894143482124e-01 -5.707960003909402502e-01
-6.487027235047999607e-01 6.310204582517120464e-01
7.431099729173579194e-01 -4.392812829801773233e-01
-4.713398874184346332e-01 4.794590234524881422e-01
5.222815824658328943e-01 -7.252630503515367089e-01
-9.186603588230347617e-01 6.571567618016906920e-01
7.877926537714672328e-01 -8.690106312513422582e-01
-1.329024165162405069e+00 6.079006096244951030e-01
7.055846416822051381e-01 1.067487459852314718e-01
1.071570188848431637e-01 -3.020297037597212686e-01
-3.117515450643326691e-01 -2.120030371150162518e-01
-2.152677184265086585e-01 4.788547974771441285e-03
4.788584576049359498e-03 -4.127403720288175815e-01
-4.389098025064345210e-01 -2.046340575157663266e-01
-2.075643996678038783e-01 -3.437075005094117341e-01
-3.582906454552474140e-01 -4.885445454679290811e-02
-4.889337821850354981e-02 -3.135372597133230799e-01
-3.244635133101891888e-01 1.169794665267859107e-01
1.175174808262530041e-01 -5.472252360077669575e-01
-6.144118216114125008e-01 -1.512470787540155515e-01
-1.524164647110175796e-01 1.012792400955612737e-01
1.016276771529766032e-01 7.706386211756760529e-01
1.021898365122438479e+00 -9.192053981874233060e-01
-1.583878185102262304e+00 6.763848822026810037e-01
8.224199981798521186e-01 3.874975732520495320e-01
4.088520960815124616e-01 -1.294218823576704924e-01
-1.301518391278235764e-01 3.910826852244998486e-01
4.130775733993162779e-01 -1.849571153288987468e-01
-1.871105661168207535e-01 4.681848583913555961e-01
5.077430879016845422e-01 6.999546146434333371e-01
8.672115423418099711e-01 -3.873736839609967508e-01
-4.087063257327764321e-01 -4.519383563273575710e-01
-4.871334855440693223e-01 8.589500790900375105e-01
1.289326628500050642e+00 -4.463127001240418945e-01
-4.800862722103869107e-01 2.301663974344238806e-01
2.343651653765877196e-01 -4.115156257729175038e-01
