-2.973848450279597544e-01 1.153654268656443965e-01
1.158813596377790689e-01 -1.881043692346576202e-01
-1.903712752972805677e-01 5.398153876769482690e-03
5.398206311871711627e-03 -3.122949017130907320e-02
-3.123964862643589802e-02 3.529722953743559821e-01
3.688350189014546476e-01 -9.261149260446045750e-02
-9.287763638142548794e-02 -2.420705936902217137e-01
-2.469724249051153953e-01 -5.858444481256774861e-01
-6.713153434290672905e-01 -5.222635213052500003e-01
-5.794471921141841619e-01 -2.219144118737036708e-01
-2.256687846613250059e-01 1.405942517124838254e-01
1.415317594822091685e-01 1.567994788856450494e-01
1.581038025592035046e-01 7.844413922767706771e-02
7.860563747286777869e-02 -3.152234310959152741e-01
-3.263346157424299454e-01 -2.212064402008416808e-01
-2.249242652193922942e-01 -3.159848040948145531e-01
-3.271802155833778425e-01 -5.463530243094639749e-01
-6.131676205010756497e-01 -2.013281198848189402e-01
-2.041163960480657513e-01 -3.238382803669657695e-01
-3.359291533201889113e-01 -1.946153007985615135e-01
-1.971297190227081497e-01 -3.098372463608798921e-01
-3.203653622205761553e-01 -2.930005748126526116e-02
-2.930844643782140602e-02 9.116588692473673317e-02
9.141972048060956202e-02 5.118899955624266473e-01
5.652875002277666372e-01 1.635113206198166719e-02
1.635258950605733563e-02 -2.559370067014001826e-01
-2.617557461046076672e-01 -1.274727829539910352e-02
-1.274796881099510282e-02 -2.877775504887587488e-01
-2.961414453977440076e-01 -3.830067086307783475e-01
-4.035785157858119421e-01 -5.122388458404369960e-01
-5.657603316240795710e-01 -4.653708620130243834e-02
-4.657072505174747468e-02 1.013549524917885386e-01
1.017041748094665299e-01 5.001585501073761708e-02
5.005762403873140198e-02 2.712289166112230587e-01
2.781898471577028964e-01 3.128128321344611495e-01
3.236603084668300268e-01 2.302540594799460660e-01
2.344577332168022998e-01 3.856608886362351551e-01
4.066927031977104479e-01 4.476971075512135578e-01
4.818163786029608375e-01 -3.579744253694218392e-02
-3.581274526435829220e-02 6.231592589066833193e-02
6.239677764063779331e-02 2.522260924922162251e-01
2.577887254102156356e-01 2.306793374997395674e-01
2.349068669371271179e-01 -2.672984887264222287e-02
-2.673621762685235437e-02 -1.966351469967533849e-01
-1.992299398798951793e-01 -4.136885142977553276e-01
-4.400531706739877480e-01 3.918615028497998004e-02
3.920622627305014873e-02 1.760776514628349942e-01
1.779319340887305922e-01 -1.615787318582081675e-02
-1.615927955509327552e-02 -3.862194104921322646e-01
-4.073489769219565404e-01 -3.928870148733671352e-01
-4.152094752987564030e-01 2.851616224109333048e-02
2.852389552476214396e-02 2.106278612767366887e-01
2.138282646339783599e-01 4.975891894838535001e-01
5.460968772336101118e-01 2.419313093955599292e-01
2.468244760662161308e-01 4.570167671617350047e-01
4.935339367133202981e-01 5.293866925328765127e-01
5.892926629574949393e-01 5.034368139506026907e-01
5.538991186228909847e-01 3.197217002078556747e-01
3.313370906657889803e-01 3.388384917167336363e-01
3.527797852589854566e-01 2.065266573864979471e-01
2.095405174586820740e-01 -3.175923950462338809e-03
-3.175934628505128199e-03 2.082754704417455124e-02
2.083055939932257350e-02 -4.623447087329655807e-03
-4.623480031759115427e-03 1.477766723273589433e-01
1.488667037458639153e-01 2.409112984563843152e-01
2.457413349464133978e-01 1.427185025040417499e-01
1.436995103925785833e-01 6.202278305695731186e-02
6.210249740324225165e-02 -1.276885784983521899e-01
-1.283894080737172094e-01 -2.105199560605912901e-01
-2.137153527499622285e-01 -3.968078583615446964e-01
-4.198545111115473683e-01 -2.815768860788709915e-01
-2.893939251538951707e-01 -1.915239974634962428e-01
-1.939187198858014771e-01 -2.215130153589058293e-01
-2.252466366207824811e-01 3.025388108122898170e-02
3.026311658579522446e-02 1.983661572243922977e-01
2.010312119635280226e-01 6.704646347714526833e-02
6.714719836539707887e-02 3.931643989483291080e-01
4.155375344075043498e-01 3.818474323109918300e-01
4.022206508295357863e-01 2.104775384830266660e-01
2.136709685194476682e-01 -2.797561128584662438e-01
-2.874174575677757026e-01 -5.293973257028943280e-01
-5.893074364999359993e-01 -3.100266443134708783e-01
-3.205748866301389999e-01 -1.549021084727029707e-01
-1.561591980931594514e-01 2.717122204211869785e-01
2.787116023957261213e-01 4.805410832466192050e-01
5.236875858021191599e-01 2.043194875025137192e-01
2.072361033353256332e-01 3.555173969670966105e-01
3.717453370812050517e-01 4.573194889432848909e-01
4.939166457143888134e-01 -3.121054432549042867e-03
-3.121064566652009820e-03 -3.542998779640432194e-01
-3.703523579605051963e-01 -5.108373977071948291e-01
-5.638621949412188084e-01 -6.209277172755285346e-01
-7.265135114069567468e-01 -6.220093966018942488e-01
-7.282758456512801182e-01 -1.664073893398435311e-01
-1.679694449068153128e-01 -3.604044749762627675e-02
-3.605606414912018720e-02 8.549859673405127425e-02
8.570784714416787575e-02 2.222088199381499207e-01
2.259784634090766797e-01 -4.028071558714229478e-02
-4.030252245823884305e-02 -9.079995338053287179e-02
-9.105073248949974163e-02 2.794309742161025789e-01
2.870647466061098108e-01 4.246621299183987452e-01
4.533662472040611569e-01 5.158402128220889171e-01
5.706550845520057536e-01 1.063623706318456569e-01
1.067662062052042726e-01 -1.253848553296308954e-01
-1.260481974123169868e-01 -2.278515247237082875e-01
-2.319221680858135626e-01 -1.714529244052925283e-01
-1.731632087918901775e-01 -2.721463056896272215e-01
-2.791803494181219203e-01 -3.613844042839336468e-01
-3.784773517955826727e-01 -3.526781939157708767e-01
-3.684991004056833441e-01 -5.306055932985631607e-01
-5.909876905939022151e-01 -6.933908717709486025e-01
-8.544572461441668487e-01 -7.588630173342515439e-01
-9.935288507885579046e-01 -6.492831731940240658e-01
-7.740584476935996605e-01 -6.924649002483720395e-01
-8.526760199497407378e-01 -4.357321569945309947e-01
-4.669505871486046567e-01 -5.225109347859506759e-01
-5.797874610501976278e-01 -6.076543348810116152e-01
-7.051941053765817813e-01 -7.049277907510569374e-01
-8.770289669266310151e-01 -6.669246453340468284e-01
-8.051834616507235198e-01 -4.648155270350963209e-01
-5.034365483334302116e-01 2.252771945348666649e-02
2.253153153959869259e-02 2.388017100997790743e-01
2.435029698556587241e-01 3.775652964906738018e-02
3.777448635376529085e-02 1.979783437015457115e-01
2.006275455501856375e-01 1.742756916790684230e-01
1.760729266248118041e-01 8.249850256488398814e-02
8.268643227726943379e-02 -7.938851593960290220e-02
-7.955593249192766114e-02 -3.838801011076463654e-01
-4.046024573123785939e-01 -4.805692729779476036e-01
-5.237242402698938371e-01 -5.367912241216147295e-01
-5.996370143367981687e-01 -4.687579551934790145e-01
-5.084773242675395544e-01 -5.435744326988978248e-01
-6.092152150903340502e-01 -2.191380702203511999e-01
-2.227505202309530974e-01 1.194928991048740535e-01
1.200665502907599935e-01 -1.353452853711670234e-01
-1.361809232179485019e-01 -3.262335364845508345e-01
-3.386073593491401579e-01 -3.757529995892300301e-01
-3.951051861141104959e-01 -2.787541598024612099e-01
-2.863307599838673112e-01 -9.516966119718975325e-02
-9.545855839601587178e-02 -5.015880765075187570e-02
-5.020093621208283896e-02 2.735205102204985583e-01
2.806650743110906121e-01 3.085477276993071616e-01
3.189395341199692258e-01 2.699946720973222525e-01
2.768580758161282573e-01 1.462620635819829595e-01
1.473186336153726739e-01 -9.727592335928930689e-03
-9.727899181238647275e-03 -4.233408921184980134e-01
-4.517554185722427729e-01 -4.659168270994497596e-01
-5.048422824628585603e-01 -6.086702276975763937e-01
-7.068062796139263915e-01 -4.810870842285948079e-01
-5.243977683822470537e-01 -4.410446311086326787e-01
-4.735269694252955963e-01 7.609978385944958512e-02
7.624719886527026036e-02 3.942499913962085323e-01
4.168222675992913628e-01 3.474624234357653885e-01
3.625548450592173122e-01 2.728836070875332864e-01
2.799767986923239471e-01 -1.703807536671375633e-02
-1.703972434905060007e-02 -1.524944299857954044e-01
-1.536932651769221392e-01 -4.323460287978831973e-01
-4.627784655511771872e-01 -6.381195364363972944e-01
-7.549951463369601878e-01 -2.859748953301014529e-01
-2.941771303836014373e-01 -4.100241271404176172e-03
-4.100264249358637203e-03 -8.234094177130124592e-02
-8.252779385083683361e-02 1.090672340330824108e-01
1.095028228899089517e-01 3.032295274548085229e-01
3.130723329205266081e-01 2.881484619035660534e-03
2.881492594019763320e-03 -4.226799526932756845e-01
-4.509504375438504464e-01 -5.638860787249567741e-01
-6.385127911074329754e-01 -4.433010658755252575e-01
-4.763317976581817326e-01 -2.707951556721823749e-01
-2.777217021148489229e-01 -1.682734995028624669e-01
-1.698893175474906481e-01 -5.522312568537977862e-02
-5.527936465531560484e-02 -1.396367456728141512e-02
-1.396458223881214510e-02 2.403911556157439511e-01
2.451892172934073966e-01 -1.113015699522159063e-01
-1.117646193681028077e-01 -3.218507133390394181e-01
-3.337103193298611714e-01 -4.416010121884737516e-01
-4.742179250971341187e-01 -5.930471153371358328e-01
-6.823532348565004568e-01 -3.566357832925782789e-01
-3.730261140141576393e-01 1.719505585698746508e-01
1.736759596259150884e-01 -3.502828507790696488e-02
-3.504262197794444367e-02 -4.282340314144037485e-01
-4.577321275945526735e-01 -4.387040489233348106e-01
-4.706248564422812475e-01 3.019692205051391701e-02
3.020610547114133126e-02 -1.272022994222928582e-01
-1.278951002719363461e-01 2.580711590275019396e-01
2.640408319755594979e-01 2.062936274434432338e-01
2.092971174199251549e-01 3.605126022217437498e-01
3.774749533283884295e-01 -1.148574911819603139e-01
-1.153666030845413859e-01 -4.793314596501316999e-02
-4.796990683784425197e-02 -4.266778238103193788e-01
-4.558279997445935927e-01 -1.343848957015075229e-01
-1.352027417227834594e-01 -5.806559061519293852e-02
-5.813098117903132966e-02 -2.654157510533851627e-01
-2.719256563214015321e-01 -7.934174680254608980e-02
-7.950886689695924048e-02 -1.113306332825483858e-02
-1.113352332534301575e-02 5.935378827964551268e-02
5.942363457817385203e-02 -1.612715978253840554e-01
-1.626919753946524105e-01 1.725296043002677859e-01
1.742727089250213357e-01 1.830083761816170829e-01
1.850935509839936877e-01 5.081448250380805887e-02
5.085828661023472641e-02 5.917496931887178055e-03
5.917566003881283287e-03 4.060652741060277182e-01
4.308905362157202101e-01 1.469219562258876344e-01
1.479930182846467546e-01 1.018886513266518551e-01
1.022434426718222822e-01 3.870641663168370994e-01
4.083422136683484416e-01 2.831559226762104253e-01
2.911097677072899681e-01 -1.955241045978554637e-01
-1.980744728483635475e-01 9.956028690356263922e-02
9.989121278546533866e-02 3.846309159157002000e-02
3.848207599912215060e-02 -1.488665133408188235e-01
-1.499810599298628255e-01 1.777022674036268512e-01
1.796090267729952838e-01 5.501757069226305141e-01
6.186332580532623027e-01 4.692532862612611155e-01
5.091123366750860413e-01 1.048116214565448234e-01
1.051979730760522203e-01 2.646958666515923375e-01
2.711513750705871195e-01 -7.871746123316371302e-02
-7.888065771419344729e-02 -2.356344259771738503e-01
-2.401468238268096023e-01 -1.111638383348200199e-01
-1.116251622878403627e-01 -1.213756342402685581e-02
-1.213815951380261236e-02 -3.942774274138532986e-01
-4.168547533237526581e-01 -8.578917366435351299e-02
-8.600057117075626811e-02 -3.948868673639738258e-02
-3.950923160709308990e-02 -6.385998712043325365e-02
-6.394700924502449979e-02 1.882687522135947644e-01
1.905416934977640087e-01 5.516610401254397056e-01
6.207658608568922265e-01 6.957730991577093516e-01
8.590601070890706570e-01 6.384563012363968504e-01
7.555634408644034128e-01 6.794271383212079352e-01
8.280492185489942703e-01 2.939814444368084034e-01
3.029188077247075284e-01 -2.674230567987189722e-01
-2.740863258198621422e-01 7.703672179176148261e-04
7.703673703131630468e-04 1.404659002553125813e-01
1.414008221831095369e-01 4.622822503403641869e-01
5.002099428771848988e-01 6.215827988579205599e-01
7.275803469304766846e-01 6.034022296960703802e-01
6.984802250852049088e-01 4.766075825072367822e-01
5.185855293776023833e-01 9.036844339018267058e-03
9.037090347698173431e-03 -5.225822225400069548e-02
-5.230587139338804814e-02 -4.940181294115322808e-02
-4.944206091271975689e-02 1.710079911174245959e-01
1.727048360669947713e-01 5.071717153581453141e-01
5.589146654706815820e-01 1.758266743738108040e-01
1.776729387181133490e-01 3.495688965379622481e-01
3.649525526974187750e-01 -8.761290950414699075e-02
-8.783812052352668598e-02 1.617772491335273677e-01
1.632111726436355215e-01 6.622167343339728160e-03
6.622264146743106483e-03 -3.151086211771102485e-01
-3.262071441145513728e-01 -1.092177049613906881e-01
-1.096551078489271247e-01 1.216859402192290995e-01
1.222919537396463668e-01 -1.507022807749046622e-01
-1.518589592986489545e-01 2.551140588288746680e-01
2.608753117028373980e-01 9.585492145225316118e-02
9.615012758671173665e-02 3.795825362633657996e-01
3.995718211845960544e-01 4.750697714633227431e-01
5.165976073038299754e-01 6.176734271674301224e-01
7.212345469039558310e-01 1.213390998308880725e-01
1.219399153984780382e-01 3.007774124669665428e-01
3.103741228297263732e-01 4.876098638363589588e-01
5.329198365812457538e-01 3.957574091741211664e-01
4.186083674096301999e-01 3.029411600162162377e-01
3.127547963379694318e-01 3.400259610648388997e-01
3.541218836930813962e-01 4.771235340199707076e-01
5.192533420270553091e-01 1.963157244497425180e-01
1.988976916865460853e-01 1.413541028422450260e-02
1.413635186172217117e-02 4.190381745008497222e-02
4.192837004509318566e-02 3.272128734295174923e-01
3.397037320773447777e-01 1.693241949525511048e-01
1.709708286594277538e-01 -7.465522900348245394e-02
-7.479438922286482661e-02 -1.424520514363536222e-03
-1.424521477938256453e-03 4.046636114039000032e-01
4.292132629189442383e-01 5.250969901007342955e-01
5.833513467929181129e-01 2.931264014278008312e-01
3.019831339758177746e-01 -2.338723589132092051e-01
-2.382819865613664545e-01 1.036243001725976609e-01
1.039976140857368780e-01 2.717086244583578614e-01
2.787077197937757878e-01 5.516957072248875882e-01
6.208156948984676626e-01 5.385748598266586473e-01
6.021460101361708617e-01 4.982125544940594342e-01
5.469257157488522925e-01 -2.893429803107581619e-02
-2.894237662587495485e-02 2.499314565262200083e-01
2.553397001805211008e-01 -6.637595561827461244e-02
-6.647369312289080900e-02 5.107083977613943032e-02
5.111531090179279035e-02 -2.801770322876420694e-01
-2.878741751125495352e-01 -1.707295120187028170e-01
-1.724179819356099208e-01 1.537843164376894722e-01
1.550141282718303093e-01 -8.953255150507409554e-02
-8.977294206116143149e-02 1.603367056767476262e-01
1.617322670542074570e-01 1.203666564983193604e-01
1.209530585262468538e-01 -2.147347752570741841e-01
-2.181297566714371639e-01 6.630338906800029020e-02
6.640080579896068258e-02 1.112674269749180100e-01
1.117300482538391704e-01 -2.025603773253487061e-01
-2.054010435026900616e-01 -5.265190662988348258e-01
-5.853168286108595408e-01 -5.705857229806661213e-01
-6.483908835371997581e-01 -2.784438954657684206e-01
-2.859943872612888960e-01 -2.798795033768198826e-01
-2.875513300334420208e-01 -3.469639414879542860e-01
-3.619880295150310623e-01 -3.996642814294124602e-01
-4.232493290899680960e-01 -5.337664770304887396e-01
-5.953975540397937749e-01 -1.216667282520062787e-01
-1.222724530623544026e-01 3.155060551393475965e-01
3.266484523876995727e-01 2.280609895049595659e-01
2.321431141199547521e-01 -2.313671188106529719e-01
-2.356334259986144763e-01 -2.130033941150113741e-01
-2.163153856869182989e-01 -5.116789860376300680e-01
-5.650016091463211376e-01 -6.603581507284053131e-01
-7.934484668072419034e-01 -7.232128558903532234e-01
-9.143484944374271617e-01 -7.155876068553680414e-01
-8.985428276914655399e-01 -7.371440880575346188e-01
-9.441958481705847728e-01 -6.844344085931377553e-01
-8.374092834078654679e-01 -6.151795237957553564e-01
-7.172122298795796658e-01 -5.912734370978897647e-02
-5.919639251388369994e-02 3.526430246386144662e-01
3.684589358872281117e-01 5.928727255020170839e-01
6.820842801496903585e-01 7.060216690912923809e-01
8.792066847177543165e-01 7.338573923128623999e-01
9.370358138392793634e-01 2.352507342139766866e-01
2.397406145753175344e-01 -6.431959371601246589e-02
-6.440851146982033704e-02 -9.124664636500311871e-03
-9.124917887504579994e-03 -2.154178840180102361e-01
-2.188459971963280237e-01 -2.132208581247538315e-01
-2.165431961133614247e-01 1.555602628540347088e-01
1.568336034591875094e-01 -1.195616567917589801e-01
-1.201363045406102503e-01 -8.071215221965825568e-03
-8.071390493950808542e-03 -1.602479937453483161e-01
-1.616412156817968460e-01 5.261427764935750623e-02
5.266290848758145571e-02 1.995062908296303672e-02
1.995327668229185739e-02 -1.738118927417315607e-01
-1.755946397753144206e-01 4.716761528727892588e-02
4.720264130523921242e-02 -2.508670180746011003e-01
-2.563378452985393130e-01 7.919018652233580924e-02
7.935634832802496152e-02 8.667960993482551335e-02
8.689767872628718914e-02 -2.126810419098031646e-01
-2.159777373997577854e-01 -5.728734157667035864e-01
-6.517895035996218445e-01 -2.204916369818012423e-01
-2.241728102744926232e-01 1.351524713533619193e-01
1.359845164764861003e-01 6.794901596454387682e-02
6.805388171482343318e-02 3.565276119494777407e-01
3.729021850388085091e-01 3.529134760508147450e-01
3.687678299372647017e-01 9.708215204109093416e-03
9.708520219314509259e-03 -1.418174766438811685e-01
-1.427798707932453892e-01 1.471171162220645257e-01
1.481924898074190033e-01 1.302246502850783472e-01
1.309683689616202296e-01 -2.036643676980928186e-01
-2.065525385201660846e-01 -3.250675880954652652e-01
-3.373030958276988511e-01 -4.005269170140777213e-01
-4.242763698682200380e-01 -2.032676669682504100e-01
-2.061387057615202134e-01 1.437269595383418863e-01
1.447290869690640580e-01 3.881391402267786450e-01
4.096072389053934670e-01 2.924875252950449034e-01
3.012843466364995004e-01 3.857738482632673271e-01
4.068254060795111759e-01 2.318752363650992965e-01
2.361703485889713738e-01 -5.143904999676585793e-03
-5.143950369225130936e-03 -2.814623836028802839e-01
-2.892695668729798886e-01 3.674131726561874478e-02
3.675786333607411471e-02 -1.536965456645516537e-01
-1.549242327164829791e-01 -2.338104599482763724e-01
-2.382165070590459011e-01 1.577503577951270552e-01
1.590787984632269225e-01 5.421640069931275008e-01
6.072154411366876836e-01 3.229156153771018944e-01
3.348987346072242466e-01 3.013590118889802327e-01
3.110136943636729323e-01 4.424032279500703102e-01
4.752149196828922006e-01 6.310665585654692267e-01
7.431865789867684313e-01 6.562420548332253967e-01
7.861843653575449897e-01 1.809001177050213183e-01
1.829131027300546775e-01 -1.769695493637778727e-01
-1.788525179881791383e-01 -2.457530420368029267e-01
-2.508878171269046664e-01 -5.036610156611254219e-01
-5.541994805634589127e-01 -5.026196296839103850e-01
-5.528051088274137381e-01 -5.001467053699658605e-01
-5.495017706294567095e-01 -1.980082848057019840e-01
-2.006587082753170104e-01 -1.648069672743292802e-01
-1.663238919469143540e-01 2.220770139541932697e-01
2.258398155006043351e-01 2.712368008097215122e-01
2.781983574339367826e-01 5.787683805382988211e-01
6.606087343352766705e-01 5.895890136471610976e-01
6.770358582276444492e-01 7.058803554234968081e-01
8.789249775279999177e-01 5.539620640539768548e-01
6.240795561230898514e-01 1.708313170727904229e-01
1.725228454333295192e-01 7.479249515804221871e-02
7.493242612818062920e-02 -2.124252846853136867e-01
-2.157098786227676090e-01 -3.549461875024240154e-01
-3.710916374801814799e-01 -3.014442784778867956e-01
-3.111074807883036919e-01 2.772500327586112021e-02
2.773211040041312359e-02 -2.762783480346152065e-01
-2.836483606785876188e-01 1.583406790954017818e-01
1.596842428053031615e-01 -1.507595064434397343e-02
-1.507709297569692630e-02 -5.841951450224106696e-02
-5.848610973512390065e-02 -1.108929001023001432e-01
-1.113508424307209921e-01 2.197029305072817074e-01
2.233439514963782013e-01 1.885485910599245807e-01
1.908318316192681996e-01 -8.447715819402766557e-02
-8.467897704580173990e-02 -4.204945550134215893e-01
-4.482926546977204496e-01 -6.120871161753167478e-01
-7.122520878551390489e-01 -3.736805483394595728e-01
-3.926942005379132627e-01 -1.228662427663750889e-01
-1.234901715186281362e-01 3.708262476915465400e-01
3.893807415980314879e-01 2.027966460166911490e-03
2.027969240277815999e-03 1.153227255181454858e-01
1.158380825204288478e-01 1.038942333511620741e-01
1.042704849902146014e-01 -1.784085311066075097e-01
-1.803384148287521527e-01 -2.940348431692010323e-01
-3.029772590344275152e-01 -2.183718714312011810e-01
-2.219458131534628731e-01 6.472847214448183839e-02
6.481909932539306474e-02 1.346360723514894997e-01
1.354585466711262509e-01 -2.097524413371051333e-01
-2.129123809769298825e-01 -2.723685426150075362e-01
-2.794203782685177329e-01 5.546661909571246025e-05
5.546661915259432085e-05 3.875755305468761569e-01
4.089438304663974844e-01 4.824754859502934368e-01
5.262058504789473012e-01 3.155346106980408405e-01
3.266801650384705269e-01 5.199521886766194090e-01
5.762742263311947388e-01 3.198765448705959136e-01
3.315095756204063937e-01 1.746556725938224197e-01
1.764648366084336228e-01 -1.587484250983135503e-01
-1.601025023431991712e-01 2.270814837534868569e-01
2.311101103804042989e-01 -4.985361289380638161e-02
-4.989497636309500606e-02 -3.259970468233273910e-02
-3.261126039648283570e-02 -3.123147598119425678e-03
-3.123157752625754791e-03 -2.683652580495825557e-01
-2.751013744477045497e-01 -6.057090939568758603e-02
-6.064514777746871088e-02 1.998940895120611752e-02
1.999207202218573898e-02 1.620169548949931815e-01
1.634573303656298715e-01 1.132147483107727171e-01
1.137022157324014265e-01 8.144232204965856647e-02
8.162310702022357312e-02 3.189271583072048610e-01
3.304523314935586265e-01 1.978262157501755880e-01
2.004692165955007377e-01 -2.856153085675470701e-02
-2.856930112173548808e-02 -2.630959394022284181e-01
-2.694316864257202404e-01 8.469391260452971415e-02
8.489729344834262559e-02 2.599349329016049093e-01
2.660386236068736920e-01 1.546124828441187149e-01
1.558624657765606270e-01 3.327488841581240919e-01
3.459162289360150355e-01 1.818426472712289521e-01
1.838876920578542407e-01 4.031402295158611482e-01
4.273929146897145204e-01 4.410812909134144699e-01
4.735724833516386512e-01 9.648986399767561783e-02
9.679099764438298115e-02 -2.665858947215748453e-01
-2.731848997568214754e-01 -3.390079280245286708e-01
-3.529712103671607260e-01 -5.500066463426118712e-01
-6.183908424310149421e-01 -5.477601987585783982e-01
-6.151757794591075079e-01 -4.278382608238585072e-01
-4.572475807742419907e-01 -5.789402182967146038e-01
-6.608671650794337715e-01 -5.702674202565287676e-01
-6.479190537808213746e-01 -4.760898836900508413e-01
-5.179158821337274121e-01 -2.510750064379841384e-01
-2.565598147291572872e-01 -4.471193212987137899e-01
-4.810939885175923858e-01 -1.640937662871762293e-01
-1.655908670564417706e-01 2.872006093994351472e-01
2.955125239447849439e-01 5.413545290817081135e-01
6.060696780298585606e-01 6.260083663487336914e-01
7.348250041012610589e-01 6.103836613824428214e-01
7.095326103963428555e-01 1.736941731797174426e-01
1.754732556110878972e-01 -8.406193792895268191e-02
-8.426078705826396675e-02 1.156005527124953774e-01
1.161196635836889701e-01 -1.108659557934869172e-01
-1.113235627386184590e-01 -1.254349804747063590e-01
-1.260991235050391013e-01 -1.152518575569192599e-01
-1.157662599539780734e-01 6.508469619887405355e-02
6.517683045647526541e-02 -2.540513763028681149e-01
-2.597389807493148961e-01 -4.739052644897211869e-02
-4.742605185983370109e-02 2.707428581477281382e-01
2.776652670018073255e-01 4.561035835112489667e-01
4.923802754441793383e-01 1.446170782856135428e-01
1.456381001392732522e-01 -2.481832945461642098e-02
-2.482342695097772278e-02 1.311924939382685673e-01
1.319530354590776333e-01 4.335573091341404228e-01
4.642691755809548182e-01 2.315119730779851281e-01
2.357864784057275565e-01 3.506106983553138826e-03
3.506121350266927506e-03 4.647905576451102916e-02
4.651256882297800932e-02 -2.387371117274066090e-01
-2.434344660227771295e-01 -5.632729693109774782e-01
-6.376143017267497104e-01 -2.579850575723711681e-01
-2.639485891296050601e-01 -1.681230793154333547e-01
-1.697345179770132217e-01 3.024975599856171149e-01
3.122664441881397579e-01 1.390440168466085535e-01
1.399506138411489020e-01 1.880051819663101642e-01
1.902684517140875164e-01 3.157642537368332003e-01
3.269352204095926084e-01 1.258130176691157898e-01
1.264832223171393211e-01 -2.696740694882976408e-01
-2.765122968321900854e-01 8.842213243491024721e-02
8.865366156513687645e-02 4.327050768013481208e-01
4.632201415900265573e-01 5.132855109631798696e-01
5.671803574160640959e-01 2.740187439532651426e-01
2.812036761644963190e-01 -5.848730333739932119e-02
-5.855413098538544969e-02 -1.899792386376820963e-01
-1.923156303904574593e-01 -2.376192130633161259e-01
-2.422493361671197998e-01 -4.085131285385728561e-01
-4.338252101842521302e-01 -3.511196522089345962e-01
-3.667202819757531262e-01 -3.185233438308514020e-01
-3.300028567648840561e-01 -2.393840900881699929e-01
-2.441206604020935977e-01 -4.396657344595631400e-01
-4.718163641860313451e-01 -1.381041942245114507e-01
-1.389923905901058188e-01 1.271029144424409008e-01
1.277940820510743980e-01 4.617603309822545521e-01
4.995463760823343202e-01 1.141768171212984018e-01
1.146768838952047509e-01 1.433935821413663270e-01
1.443886942269685114e-01 1.503273615089858184e-01
1.514753494575868942e-01 -2.173475953239943914e-01
-2.208704994668562183e-01 -5.703105339635934357e-01
-6.479829476650474929e-01 -6.924045087613446281e-01
-8.525600016563927852e-01 -3.061280963442664649e-01
-3.162675106899762723e-01 -4.165315219299501881e-01
-4.434880721535165993e-01 -1.500654908456239278e-01
-1.512074349174334642e-01 2.947187291368053019e-01
3.037260319775422768e-01 4.372165577891262145e-01
4.687843358052987686e-01 2.698116977457298837e-01
2.766607248975307964e-01 4.995144642042151362e-01
5.486589726659678590e-01 3.243483917070016376e-01
3.364991333839147947e-01 -2.188628279597228110e-02
-2.188977837888914091e-02 -3.105963993609097903e-02
-3.106963347884605930e-02 1.154906238910306110e-01
1.160082472670423970e-01 2.217292869648556930e-01
2.254740792869272814e-01 -1.462150623526484172e-01
-1.472706052653117714e-01 2.049144061703696285e-01
2.078570185623667133e-01 2.223314025877462241e-01
2.261074168762654824e-01 3.905755659338580599e-01
4.124790277991585707e-01 -6.666028943330087886e-02
-6.675929061183916158e-02 2.772569583688448969e-01
2.847081514525675039e-01 2.291580415046147456e-01
2.333006624095329828e-01 3.312354735959268104e-01
3.442153489226778551e-01 -1.585327050966598428e-01
-1.598812131944560844e-01 1.318586214129340572e-01
1.326308891325081174e-01 -7.982292407036564730e-02
-7.999311106122439230e-02 2.924488182488661492e-01
3.012420189830942729e-01 -1.835293476776823640e-01
-1.856326287555269683e-01 -1.794268028757043387e-01
-1.813903611124285664e-01 -3.438488741222594514e-01
-3.584509663428370185e-01 -1.251622790250247752e-01
-1.258220724217229414e-01 -3.345605187156587557e-02
-3.346854279690514300e-02 3.242300731128844871e-01
3.363669096814045911e-01 1.618504474542019622e-01
1.632863391019581112e-01 -2.119961263462334933e-01
-2.152604824450588539e-01 -1.735329324111615779e-01
-1.753070037336118270e-01 -3.852380424349646781e-01
-4.061960718190547048e-01 -6.195677586019769645e-02
-6.203623557997939297e-02 -3.325787994460196462e-01
-3.457249795675583215e-01 -1.113228699267283378e-01
-1.117861865690854689e-01 -2.735529763161969122e-02
-2.736212413220150130e-02 1.352652244643321178e-01
1.360993692610210082e-01 -1.505334555719991529e-01
-1.516862152687642462e-01 -2.390055518425054093e-01
-2.437191500733247029e-01 -2.644060992299703261e-01
-2.708398014755870054e-01 -1.598462619183002587e-01
-1.612289229356556053e-01 2.339831781230365393e-01
2.383992211035070863e-01 4.207398100562449450e-01
4.485906265744262766e-01 4.525156751516919984e-01
4.878592248219517646e-01 2.825678114608009550e-01
2.904705088299504578e-01 1.492453224149667967e-01
1.503684765013053315e-01 -1.431816666703794316e-01
-1.441723366432759723e-01 -3.027234194828122837e-01
-3.125150712386937091e-01 -9.074274311865349052e-02
-9.099304693104112718e-02 -2.073117334168705361e-01
-2.103607105602797178e-01 2.075715328126229442e-01
2.106321923715947508e-01 5.647303184885884425e-02
5.653318164918197386e-02 3.631930077383260791e-01
3.805592059908259328e-01 7.443435617362946510e-02
7.457228215955111206e-02 6.939476408698000420e-02
6.950648030085350426e-02 -1.472342829985555206e-02
-1.472449234995164280e-02 -7.596964810239538457e-02
-7.611630638218974676e-02 2.052965683658937168e-01
2.082559636913740020e-01 4.642745014504402468e-01
5.027466388099677275e-01 2.737412932327483173e-01
2.809037261083581205e-01 -1.094917134204946435e-01
-1.099324326857164802e-01 -6.529840992963842350e-02
-6.539145633487368492e-02 1.231277327456020143e-01
1.237556781525848276e-01 1.352531888612885924e-01
1.360871093624839712e-01 -1.388058804881696189e-02
-1.388147961287186649e-02 6.229695884336264311e-02
6.237773667453486159e-02 -2.742656369365091829e-01
-2.814706319270544599e-01 -2.630803557125624415e-01
-2.694149438955786846e-01 1.456071728260924236e-01
1.466494921868373713e-01 4.234525950582088694e-01
4.518915196439571291e-01 3.722509945312470481e-01
3.910336592087028662e-01 1.340756987454031213e-01
1.348878715039558696e-01 2.491313213849646602e-01
2.544864356880833789e-01 -1.987261777028590803e-01
-2.014060070881308895e-01 -7.412842753922950501e-02
-7.426465612679283845e-02 -9.804047070981131151e-02
-9.835641432668580653e-02 3.674155688190502422e-01
3.854320456991131572e-01 -2.936388504763600554e-02
-2.937232896647617997e-02 -2.325123030952907233e-01
-2.368437194265772816e-01 -7.255939659818796961e-02
-7.268713887009733976e-02 -2.747868334679787194e-01
-2.820343098683529282e-01 -1.645209305373623587e-01
-1.660298833963532450e-01 -2.051639783265698513e-01
-2.081175434659584544e-01 -3.888484462746956694e-01
-4.104426281650752628e-01 -5.139015776262502166e-01
-5.680171525709980518e-01 -6.126208897031624190e-01
-7.131060947631442382e-01 -6.917005175374091319e-01
-8.512089345995519363e-01 -7.355119691432137063e-01
-9.406308668084696345e-01 -3.601550634963799902e-01
-3.770640646114578609e-01 -2.523097370623267940e-04
-2.523097424163567304e-04 -1.875180992839059176e-03
-1.875183190745685624e-03 -1.978522827756075964e-01
-2.004963454544730350e-01 -1.784898840601793768e-01
-1.804224436047773550e-01 1.699340357351518671e-01
1.715987369191497858e-01 -6.506024056274835321e-02
-6.515227082440022688e-02 -4.389093017556281451e-01
-4.708790556670872096e-01 -3.238003267673588148e-01
-3.358867537461237562e-01 3.345202971807523934e-02
3.346451613688594673e-02 4.331020696182369956e-01
4.637086913292027823e-01 5.754605560636721906e-01
6.556490025250253373e-01 3.033768108574544375e-01
3.132345380275704527e-01 -1.720757624774139072e-01
-1.738049810887302704e-01 8.358430114556419932e-02
8.377977049137519394e-02 4.687436833403886560e-02
4.690874455189077141e-02 -1.037632411305778324e-01
-1.041380652305717303e-01 5.057746994834647070e-02
5.062066334236445253e-02 6.041850342761181242e-02
6.049218201413122942e-02 -1.636864340108893368e-01
-1.651722918585950273e-01 -3.983556222530757474e-01
-4.216928668110837553e-01 -3.083207445758542886e-01
-3.186886875387931473e-01 -3.949825767279128708e-01
-4.176899739818430990e-01 -1.368637885202001747e-01
-1.377280870377715627e-01 1.633711599418113392e-01
1.648483551795973390e-01 4.579788800325252929e-01
4.947507297395828951e-01 4.444219900438878268e-01
4.777277412240774068e-01 6.440081210062733597e-01
7.649922983061500092e-01 5.938424372499444548e-01
6.835809185803229937e-01 3.499071534575318165e-01
3.653379501636198623e-01 4.013544959272136864e-02
4.015702123319862815e-02 3.183979403713756429e-01
3.298632998347611478e-01 3.920067050196119340e-01
4.141689018973112590e-01 2.813182159644015967e-01
2.891130023791020909e-01 2.948550129722969371e-01
3.038752858722255090e-01 3.068286512555122303e-01
3.170406895590017204e-01 3.026146753328404909e-02
3.027070998981562511e-02 3.546579868868101615e-01
3.707619320509104033e-01 4.555534221836170516e-01
4.916858204917479713e-01 5.931473950787738980e-01
6.825079312893311823e-01 6.431371678569079986e-01
7.635055582564738152e-01 1.881975097758929183e-01
1.904678340949672033e-01 9.536357993812247247e-02
9.565425321068786457e-02 2.163009050455522164e-02
2.163346474240243969e-02 -1.914303500397624147e-01
-1.938215083459086385e-01 1.511811525596581385e-01
1.523489957919794135e-01 3.982666676145289464e-01
4.215871381302537801e-01 7.228005686601356172e-02
7.240632638216093486e-02 -2.949783609731160827e-01
-3.040103841621890068e-01 -1.970538643589845595e-01
-1.996655356079914401e-01 -3.132596774420033647e-02
-3.133622067548340329e-02 -1.905524588745571846e-01
-1.929103812783912464e-01 8.562429240006648110e-03
8.562638501266955915e-03 3.513425958652934278e-01
3.669745990248100553e-01 4.889901011590603863e-01
5.347322115790018593e-01 4.453682620105764989e-01
4.789075311621180386e-01 6.123799054780096895e-01
7.127204232743242773e-01 4.736339210665062027e-01
5.147448730996361244e-01 1.430182888140225095e-01
1.440055432576786698e-01 -6.093445664197055280e-03
-6.093521082585692805e-03 3.105897559976186773e-01
3.211979985159563733e-01 2.980901031107716648e-01
3.074221339784319884e-01 7.855413612076619922e-02
7.871631638219608873e-02 3.390284198585672426e-01
3.529943632375096563e-01 5.860066480717361914e-01
6.715623391781617713e-01 5.400268406161613521e-01
6.041934928060659349e-01 5.684472765031406416e-01
6.452258617474183611e-01 1.073159331982951881e-01
1.077307790657188180e-01 -9.937881451969625413e-02
-9.970792693577634758e-02 1.966404983364582193e-02
1.966658495304365872e-02 -1.018194292606573875e-01
-1.021734949509687240e-01 -3.043414288528652548e-02
-3.044354452099974628e-02 3.133410303689682652e-01
3.242459052581157519e-01 4.708004122168021333e-01
5.110981881984810737e-01 2.681471737219781049e-01
2.748663795582628189e-01 4.832233244536239258e-01
5.271810507295311421e-01 5.133598564849670698e-01
5.672813018014416508e-01 5.814995857327237561e-01
6.647254504924342555e-01 5.830274813648439469e-01
6.670370514815276985e-01 3.448504556814329658e-01
3.595872894873162195e-01 -1.124863289366036107e-01
-1.129644000612768651e-01 -3.238800914536259512e-01
-3.359758636043804758e-01 -4.103330140631124556e-01
-4.360115943696364904e-01 -5.796216626453734033e-01
-6.618927671512142563e-01 -1.273546431796829526e-01
-1.280499526079521000e-01 2.711986610381804108e-01
2.781571893790713568e-01 3.721481301158068855e-01
3.909142531750359195e-01 3.540961686789864671e-01
3.701194258928630076e-01 3.589849399856447909e-01
3.757201905973101552e-01 4.303808916652184235e-01
4.603640695618558265e-01 5.674520273929526404e-01
6.437567139806261718e-01 4.241408222486435786e-01
4.527304156882485109e-01 -5.608150710025457120e-02
-5.614041294553606676e-02 -6.104432013893949793e-02
-6.112031549372526351e-02 2.948670074878257941e-01
3.038884225282401652e-01 1.267048634903114313e-01
1.273895157154442404e-01 2.176220748415054751e-01
2.211586063418929105e-01 3.739194611081818054e-01
3.929719177467069779e-01 4.348626924688103190e-01
4.658778575622468110e-01 1.269869415542077828e-01
1.276762066042196331e-01 -1.922016862120057012e-01
-1.946223087202510194e-01 -3.180774335335206926e-01
-3.295066758144370445e-01 -9.382898000177579412e-02
-9.410579666391971632e-02 9.685271165146448757e-02
9.715726822467389556e-02 4.319144616071299292e-01
4.622478045385282064e-01 3.392217714219186026e-02
3.393519770901481936e-02 -1.426276574889932536e-01
-1.436067777481243590e-01 1.904738785415139024e-01
1.928288414348711954e-01 9.837046983451888660e-02
9.868962706292253029e-02 6.161032541404651980e-02
6.168845758967228532e-02 -3.128013424268902831e-01
-3.236475725741436160e-01 -5.072823303979406839e-01
-5.590635976777935667e-01 -1.975666452999068068e-01
-2.001990884893498079e-01 -2.169242271968034319e-01
-2.204261826821927728e-01 -1.635080898159611829e-01
-1.649890431838495763e-01 1.711043145506876695e-01
1.728040628980009041e-01 4.002191215731611129e-02
4.004330112899190386e-02 -4.715770263722515732e-02
-4.719270655716228252e-02 3.181569272090934986e-01
3.295951199027231104e-01 1.796076959913799898e-01
1.815772778915817898e-01 -5.249722706940978915e-03
-5.249770934470973649e-03 2.270412580966355010e-01
2.310676980781551093e-01 3.367191428098280648e-01
3.503874868321686931e-01 1.846248572158721568e-01
1.867665610141773236e-01 3.888499866915413050e-01
4.104444429902217584e-01 3.579498243732155000e-02
3.581028200839825315e-02 3.376725341919991075e-01
3.514631865018076340e-01 5.254887894138480231e-01
5.838924557303255547e-01 6.751781937875277473e-01
8.201990397819667322e-01 4.452982647230718793e-01
4.788202177236409174e-01 2.524135767021382093e-01
2.579889574537936880e-01 1.407305479777298529e-01
1.416708069280382676e-01 2.787915585196266699e-01
2.863713100189115845e-01 -6.366513155185553330e-02
-6.375135822451222234e-02 2.715275118838058610e-01
2.785121810811367338e-01 3.815668538161107182e-01
4.018922198203129792e-01 6.285350605410836566e-01
7.389908348711842212e-01 7.075750953566326551e-01
8.823108363707008461e-01 6.488064749301575285e-01
7.732347658114779865e-01 6.008610837238869129e-01
6.944937117004761351e-01 5.945546456559837045e-01
6.846818269525241085e-01 1.699350917886504886e-01
1.715998243759608299e-01 3.036599376761304203e-01
3.135463940911607517e-01 -8.003678808445520779e-03
-8.003849717233196825e-03 -1.849314322201820182e-01
-1.870839734213232963e-01 -8.635703726047136430e-02
-8.657267324640727235e-02 -2.078720199591734680e-02
-2.079019687623328422e-02 -4.459418700160763284e-03
-4.459448261130670443e-03 3.371657948159987317e-01
3.508913415969766580e-01 -3.297836590872865042e-02
-3.299032917216648819e-02 -1.290694815397774309e-01
-1.297934516414479544e-01 -4.379403923030165124e-01
-4.696795889143775549e-01 -5.505669609759948901e-01
-6.191945245900554173e-01 -1.654489132048424238e-01
-1.669838326622914981e-01 2.481819030752359101e-01
2.534744458377156118e-01 4.954069139743089711e-01
5.432006489140919214e-01 1.794286409440595809e-01
1.813922603246043708e-01 -2.222741793361441842e-01
-2.260472187202103023e-01 -3.037272920870129345e-01
-3.136205917369873641e-01 1.031594863178953159e-01
1.035277777262207932e-01 3.927930372308560125e-01
4.150983481492150906e-01 1.498072096823634958e-01
1.509432138221353248e-01 -3.032915254219941681e-01
-3.131406101346703164e-01 -6.861672570177890229e-02
-6.872471929149356895e-02 3.620987753981863011e-01
3.792992777065406496e-01 4.652409131228827932e-01
5.039793065866908783e-01 6.380827486584210728e-01
7.549330915010137311e-01 2.845719725336454675e-01
2.926499215712217161e-01 1.254340824499738383e-01
1.260982111250830429e-01 -1.039211707493163939e-01
-1.042977164007510837e-01 -1.623615894147167199e-02
-1.623758585391930909e-02 6.105575608482436550e-02
6.113179422206074798e-02 3.472779843706375047e-01
3.623450964559201681e-01 4.569908984067535401e-02
4.573094252654397174e-02 -1.220110045746290034e-01
-1.226219170804199593e-01 -8.134192001173418118e-02
-8.152203541543946719e-02 1.363123949182946382e-01
1.371662108866897323e-01 4.665447104802123435e-01
5.056445572833807578e-01 6.733776347321689393e-01
8.168973706670230595e-01 4.415506419897143875e-01
4.741553542602235383e-01 2.603261765352256063e-01
2.664582633927770616e-01 1.817770889011076085e-01
1.838198925878776757e-01 -1.646299376555874217e-01
-1.661419251744986614e-01 -2.041021934271116112e-01
-2.070093533142212949e-01 -6.716348398028747224e-02
-6.726474820471230187e-02 2.607732749420512142e-01
2.669379241356572563e-01 -1.139282601941973491e-02
-1.139331897406664629e-02 -8.960176231925472135e-02
-8.984271259381229613e-02 2.020900108999402200e-01
2.049106005468385727e-01 1.186064096187575134e-01
1.191673160572548490e-01 8.765466072027019995e-02
8.788019485708647993e-02 -1.659225452802948197e-01
-1.674708337862770846e-01 -4.755830502433893159e-01
-5.172607027055790008e-01 -4.906572805598163334e-01
-5.369256602274400381e-01 -4.930507657509715647e-01
-5.400829652909766576e-01 -4.252643833165633408e-02
-4.255210251120350451e-02 4.088749482241123973e-02
4.091030276874866450e-02 -1.340617571071066327e-01
-1.348736746860371427e-01 -1.516490240397992684e-01
-1.528278456467405677e-01 -1.551263903491542917e-01
-1.563890020253022595e-01 -4.509705482727055514e-01
-4.859179344681465729e-01 -1.260804730647131500e-01
-1.267549886300664841e-01 2.721583289384592597e-01
2.791933344260260075e-01 1.689012153904697056e-01
1.705353961079364988e-01 -1.886685050512809103e-01
-1.909561686758365073e-01 -4.397844315337123833e-01
-4.719635138464216007e-01 -4.834027352791331333e-01
-5.274151436752037014e-01 -5.752551719170717615e-01
-6.553419839769021316e-01 -5.532115875530564386e-01
-6.229974629753689541e-01 -9.376264878221771126e-02
-9.403887670564425871e-02 -1.616804932738577227e-01
-1.631118180422963249e-01 1.395712291050687781e-01
1.404882600045120611e-01 3.548248819126785802e-01
3.709528528321605068e-01 4.117875263056529622e-01
4.377618485809525728e-01 3.969293340953697902e-01
4.199986967605789934e-01 4.572803578529724966e-01
4.938671676018534518e-01 5.241461277203547375e-01
5.820393999450195199e-01 5.477694173975294900e-01
6.151889498141659418e-01 6.652251422421664451e-01
8.021286871731244661e-01 5.258476640526122958e-01
5.843883629897757004e-01 1.539805440474192322e-01
1.552151152133142975e-01 -2.811474539223776659e-01
-2.889275744911176114e-01 -5.021108692004230267e-01
-5.521246103291975738e-01 -3.742486172587676796e-01
-3.933546302588594723e-01 -3.954686396318137231e-01
-4.182660166623882736e-01 -1.228095785439571319e-01
-1.234326391820046998e-01 3.242347582155456487e-01
3.363721451739021817e-01 2.141269542236850232e-01
2.174926406399601553e-01 -1.351048878816545236e-02
-1.351131091627401359e-02 -2.811237996670057915e-01
-2.889018902219835927e-01 -3.630365493158217438e-01
-3.803789850091497393e-01 -2.828080630741643120e-02
-2.828834962837462053e-02 -2.213869148749020299e-01
-2.251140332560153667e-01 -2.831371558344658590e-01
-2.910893651526991199e-01 -4.479802640237721678e-01
-4.821705719084319330e-01 -5.158994365206210908e-01
-5.707357841675330112e-01 -2.858840615711835120e-01
-2.940782092623803745e-01 2.240482121819379613e-01
2.279142310906919766e-01 4.745477189632227866e-01
5.159236055641982510e-01 6.496618059247589727e-01
7.747133115236544132e-01 6.368575308407999902e-01
7.528691543271701647e-01 4.951214173652421779e-01
5.428223641073958161e-01 -6.597080708053515950e-03
-6.597176415444605535e-03 -3.914775595658951390e-01
-4.135438320064694362e-01 -5.237675796537353268e-01
-5.815176023632506741e-01 -2.788624878281091568e-02
-2.789348067159691524e-02 1.920116701778245005e-01
1.944250114338019753e-01 9.157940604493536307e-02
9.183672112890226003e-02 3.142651426010543703e-01
3.252709568632133341e-01 5.419087089438070354e-02
5.424401110755006084e-02 -3.549161620970473496e-01
-3.710572844073247722e-01 -2.439578218374725271e-01
-2.489781008027245612e-01 -2.864721046105661029e-01
-2.947187078097392998e-01 4.543313437869263283e-02
4.546443371858191473e-02 -3.777330182201771996e-02
-3.779128248116582489e-02 3.639141411746187327e-01
3.813901688437385529e-01 5.271483084033785627e-01
5.861878168174174952e-01 3.269900128830971475e-01
3.394541694922280639e-01 -5.222514891464035552e-02
-5.227270754345392234e-02 -1.738199637262142216e-01
-1.756029621965967125e-01 -2.029729099460526043e-01
-2.058312643652140672e-01 -2.665173741491563830e-01
-2.731111384609790638e-01 -4.156767763167816265e-01
-4.424543439751643659e-01 -6.146488792654326572e-01
-7.163589396125289444e-01 -6.835872152553873482e-01
-8.358172005955011308e-01 -6.745934160732400819e-01
-8.191251251036468783e-01 -5.930048423129785640e-01
-6.822880309264950371e-01 -4.748547663539413044e-01
-5.163199702929213153e-01 -1.908870126273435512e-03
-1.908872444782716560e-03 3.492727850530571998e-01
3.646152594104454248e-01 1.027603687548966777e-01
1.031243838816802150e-01 -2.336848546193293907e-01
-2.380836422677644060e-01 -3.246904561737960493e-01
-3.368814619719227577e-01 -2.211185691651962326e-01
-2.248318751202952603e-01 2.282184723445213614e-01
2.323092436246761427e-01 3.982979019682366117e-01
4.216242612845884086e-01 3.890166893439463980e-01
4.106408570259544311e-01 2.900651007647755963e-01
2.986373435890122274e-01 -1.500201304196952523e-01
-1.511610297798248737e-01 8.977430541576264522e-02
9.001665487261462095e-02 9.015123427233097397e-02
9.039665922302209111e-02 1.951911259172436908e-01
1.977282819267463521e-01 -2.619062608766857814e-01
-2.681539638990314556e-01 -4.699640821042332939e-01
-5.100242358335024262e-01 -4.027393087438596586e-01
-4.269142830551464485e-01 -5.562780337356378890e-01
-6.274271047588301231e-01 -4.815135225538515473e-01
-5.249527736973310654e-01 -3.694821376096218968e-02
-3.696504108356574170e-02 1.677561924761799411e-02
1.677719318614842581e-02 2.470859761793298692e-01
2.523069233150674329e-01 1.329466263723771968e-01
1.337383077612213644e-01 -2.702501473297584944e-01
-2.771336593076053068e-01 -4.926767930226177428e-01
-5.395890014747662944e-01 -2.176768454978040279e-01
-2.212161005740085340e-01 3.940275190179159948e-02
3.942316285248381735e-02 4.459882376454053499e-01
4.796811750341517522e-01 5.238505603232981311e-01
5.816319600237915832e-01 6.564336794482542592e-01
7.865210092136841746e-01 4.778738027496115537e-01
5.202251991090394156e-01 1.783157250908932179e-01
1.802425593582034635e-01 -1.872814563671765520e-01
-1.895183137067713852e-01 1.670666947335791297e-01
1.686476039922228665e-01 2.628334663380060277e-01
2.691497149061765071e-01 4.176339087983672038e-01
4.448226133826694850e-01 5.547791058460885827e-01
6.252591050212555901e-01 5.586254935300093427e-01
6.308329409390530662e-01 4.995289679439083308e-01
5.486782986670335482e-01 2.814692283028029096e-01
2.892770004860285571e-01 -1.739005192848580017e-01
-1.756860286364302082e-01 -1.943918019191090696e-01
-1.968974323586621944e-01 -3.381821963964292688e-01
-3.520385526017906219e-01 4.054852150471163590e-03
4.054874373748185157e-03 -2.494577735897697546e-01
-2.548345205982248673e-01 1.012962251906061456e-01
1.016448383078238094e-01 3.174499883794359989e-01
3.288087593682660903e-01 6.003639588489672052e-01
6.937160604311125578e-01 5.302030027440607363e-01
5.904275032248490485e-01 4.130305027205466439e-01
4.392595574636555256e-01 -1.897772100941914064e-01
-1.921060455279893775e-01 -4.280308072550220722e-01
-4.574832926414559298e-01 -3.201192827680421349e-01
-3.317800051417028051e-01 -2.350009356429721696e-01
-2.394761979521784490e-01 -2.615926722741085397e-01
-2.678173102117777926e-01 -4.059252655791802389e-01
-4.307228950297372627e-01 -4.837595980469178714e-01
-5.278809312176679924e-01 -4.277841160484807670e-01
-4.571813062811999062e-01 -4.123712334241751987e-01
-4.384649487673227264e-01 -4.765734418254209404e-01
-5.185413549911894737e-01 -5.802065056040824065e-02
-5.808588920921914367e-02 2.692595445727230530e-01
2.760653155417985838e-01 1.457558024345157188e-01
1.468013445733159505e-01 -2.213885748724750413e-01
-2.251157788074885924e-01 -1.429934821678665591e-01
-1.439802187071593242e-01 -4.740654703871057807e-01
-5.153013760023900103e-01 -1.735991238148087146e-01
-1.753752511005529646e-01 -2.526271521145170146e-02
-2.526809153218474713e-02 1.804738962354248411e-01
1.824724964289179407e-01 -2.370510483607877750e-01
-2.416472575835868497e-01 3.880515908680693370e-03
3.880535386981742718e-03 -1.907133304161602941e-02
-1.907364572769521677e-02 3.139773147735996917e-01
3.249516193109042717e-01 1.909277761204338508e-01
1.932998687830772555e-01 -7.247174469242301242e-02
-7.259902360947309563e-02 -3.223539126839970737e-02
-3.224656371970363589e-02 -2.124739902431010685e-01
-2.157608864092814827e-01 -5.165018410123559667e-01
-5.715570169537970147e-01 -1.009728413510694450e-01
-1.013181126519882569e-01 -1.803747990452076178e-01
-1.823700647869765379e-01 6.364639874548835841e-02
6.373254920292750758e-02 3.387099039696196412e-01
3.526345264554290315e-01 2.706194504563640413e-01
2.775321025811938735e-01 -3.546412052636158108e-02
-3.547899954292604852e-02 3.623482263709277423e-02
3.625069346120100844e-02 3.472239976618430868e-01
3.622837072353211063e-01 1.327742738148425701e-02
1.327820769025800374e-02 -2.506455676211236105e-01
-2.561015360192057111e-01 -6.471349302844674189e-02
-6.480405720082224597e-02 1.254279084303341202e-02
1.254344865577763229e-02 3.606943337995294208e-01
3.776838485709526627e-01 4.654433406525730343e-01
5.042376840187438036e-01 3.478919338181109544e-01
3.630434132989123763e-01 2.042434678682820692e-01
2.071567731805374624e-01 3.516422123021941126e-01
3.673164501111516600e-01 2.626298593598026115e-02
2.626902668554531584e-02 1.507575782224598315e-01
1.519155422840149094e-01 1.702620132683369328e-02
1.702784686358625732e-02 2.324453322208158979e-01
2.367729222177564208e-01 1.950845480754417050e-01
1.976174850764420565e-01 4.325255853824311325e-01
4.629993225577040405e-01 1.904392299001462785e-01
1.927928886531141417e-01 2.257219691394064531e-01
2.296771449246668984e-01 4.481820374274228524e-01
4.824230337796263646e-01 6.817522223836636197e-01
8.323806320502897815e-01 5.105578290765868665e-01
5.634839844503320982e-01 5.719035152167191161e-01
6.503469960521908177e-01 3.356730979733105746e-01
3.492081431775861389e-01 2.874809223807860969e-01
2.958180637347643804e-01 2.384876581345696939e-02
2.385328879393966428e-02 -3.414530622184336339e-01
-3.557364408658030830e-01 -3.898091330508857699e-01
-4.115749487405365170e-01 -4.565197331208867282e-01
-4.929058631053868655e-01 -5.362747551100409682e-01
-5.989117712650617875e-01 -6.407913519055979945e-01
-7.595152619810870975e-01 -2.798737228152753942e-01
-2.875450581928640226e-01 -3.889796839448240728e-01
-4.105972535697411385e-01 -5.281398038449874877e-01
-5.875618565397986437e-01 -3.808728219723021002e-01
-4.010801745477161617e-01 -3.008336457910089357e-02
-3.009244474699424021e-02 -3.590830255707109786e-01
-3.758327909799767941e-01 -3.522890108905633588e-01
-3.680547034039872711e-01 -2.042940887704360609e-01
-2.072095982473816100e-01 -3.084987018716583984e-01
-3.188853507643085172e-01 -1.221824778254588101e-01
-1.227959852731660695e-01 2.320637354546324638e-01
2.363695676241112098e-01 2.138397618003488043e-01
2.171916669675391376e-01 8.759519309396908426e-02
8.782026709777143725e-02 -2.095793701211398907e-01
-2.127313517534134002e-01 -1.991160984877786144e-01
-2.018119925699505823e-01 -3.930469905265259190e-01
-4.153986664264648354e-01 -1.674510724840029552e-01
-1.690430444048418857e-01 -1.625605685838610592e-01
-1.640156488625325315e-01 1.771305941446601195e-01
1.790187743628056383e-01 2.285629318168188595e-01
2.326726597256947582e-01 -2.930422056176701373e-02
-2.931261309587973596e-02 8.932292111566747517e-02
8.956162167419431941e-02 -1.206694287415407130e-01
-1.212602932327404848e-01 1.683830549311346111e-02
1.683989714390121684e-02 3.857449664830708280e-01
4.067914750052842310e-01 6.197233682494460716e-01
