0.000000000000000000e+00 4.549567010362629005e-01
4.909330906387486260e-01 -4.420593825145173739e-01
-4.747874806087877819e-01 2.717435847389941816e-01
2.787454671535952166e-01 -5.164309612798989590e-01
-5.714603534304851795e-01 6.942670327973864131e-02
6.953857411680451628e-02 7.366323201460105441e-01
9.430759952517769884e-01 -9.115910378273061054e-01
-1.536858915917272972e+00 8.541640464988196069e-01
1.271353420423880776e+00 -8.806179937700657767e-01
-1.378513616943904285e+00 9.222929590645414510e-01
1.604164065893903146e+00 -9.564953479510678314e-01
-1.903021093938567887e+00 8.839080053659187364e-01
1.393360345263736644e+00 -5.003969442990895411e-01
-5.498355435436170779e-01 3.195650078110455761e-01
3.311625668424083013e-01 -1.358855173530129079e-01
-1.367312770674158351e-01 -1.335037993962441272e-01
-1.343055487367035006e-01 2.423626752615799240e-01
2.472827105989575946e-01 -9.086238006799118860e-01
-1.519576347448496012e+00 9.014933577683772459e-01
1.480135427240259816e+00 -9.671123366415883549e-01
-2.045612156931098546e+00 7.956655073920856358e-01
1.086686333858184028e+00 -9.577629219312466802e-01
-1.918129635755828843e+00 9.061148043087037252e-01
1.505374801047910438e+00 -9.622113884789046390e-01
-1.974909800463051868e+00 6.693167275274854999e-01
8.095043199841065462e-01 -6.162985587869750370e-01
-7.190146102009681295e-01 7.343021826637555760e-01
9.380003866592783179e-01 -5.302296934962735797e-01
-5.904646319533302101e-01 -2.754948098594160455e-01
-2.828002714903098957e-01 8.068704920526937885e-01
1.117995314189923262e+00 -6.499400467997209496e-01
-7.751948981447386311e-01 4.242674186353060373e-01
4.528847919502296815e-01 -8.246657543630177001e-01
-1.171228986819922158e+00 8.285451842651160304e-01
1.183478090802067451e+00 -8.885179686635024110e-01
-1.414842116453650211e+00 1.905508018239105428e-01
1.929086617933746250e-01 -3.581030634148322234e-01
-3.747082214404468536e-01 -5.941706126484067596e-01
-6.840880224115727382e-01 8.802307142278488206e-01
1.376791247507625604e+00 -9.670182904980297867e-01
-2.044160483365032199e+00 7.957355992186523341e-01
1.086877392318957636e+00 -9.468175794323310246e-01
-1.800111703273789443e+00 9.141146957060456435e-01
1.551998879853253799e+00 -9.126296958301723938e-01
-1.543039461255812039e+00 9.478331959803529827e-01
1.810013248958104892e+00 -3.933308152236392879e-02
-3.935338432797710895e-02 4.660395488956997068e-01
5.049990424431348712e-01 6.349180433588658135e-01
7.496130442843477182e-01 -8.922737212753002467e-01
-1.432970429212998997e+00 9.802511686108666966e-01
2.303942324525585672e+00 -8.286812657509472491e-01
-1.183912300881253765e+00 8.877564936526111117e-01
1.411236843765333981e+00 -9.657333372063242605e-01
-2.024723851474943270e+00 9.356153227555369378e-01
1.701652438678118884e+00 -8.574228384871311892e-01
-1.283530948875449829e+00 7.828407936530963340e-01
1.052666284130847174e+00 -9.009927830702073592e-01
-1.477469400168423430e+00 9.428912377575973114e-01
1.763487456069411152e+00 -9.792929485578953930e-01
-2.280010335792955978e+00 9.768979919434496173e-01
2.224682340918208823e+00 -9.355622486521278924e-01
-1.701226734310308686e+00 7.739210903898510185e-01
1.030031792401998603e+00 -4.090335111637306564e-01
-4.344499909723641973e-01 2.443791030913388396e-01
2.494260904163301262e-01 4.032511698242338127e-01
4.275253912919503851e-01 -6.095879146827547501e-01
-7.082653306504249624e-01 9.739367482840785017e-01
2.163629417555285261e+00 -6.702906731086936132e-01
-8.112707536583610990e-01 9.799328363612810344e-01
2.295866686347241004e+00 -8.856936085229228928e-01
-1.401584253304892558e+00 9.651547494374198566e-01
2.016204714228260197e+00 -9.724065868444675687e-01
-2.134716301698065255e+00 9.494493013923810398e-01
1.826162718314208178e+00 -9.482172182245968139e-01
-1.813806145232025768e+00 9.153232954215271278e-01
1.559400590351894600e+00 -9.048255672611074107e-01
-1.498217187782828530e+00 9.096768030842143915e-01
1.525647489513274335e+00 -9.404478771102077195e-01
-1.741911072936575433e+00 3.287854786913997351e-01
3.414659201686708334e-01 3.337243451085111778e-01
3.470135430654489594e-01 -6.461957639015386556e-01
-7.687392762391046519e-01 9.289333195948192845e-01
1.650551924011374627e+00 -9.780977985573707789e-01
-2.251651899924430822e+00 9.350224373945246192e-01
1.696916090665377297e+00 -9.755240979323748229e-01
-2.195449981870295275e+00 9.855974481165181711e-01
2.463134862121151070e+00 -9.654980805063445581e-01
-2.021243004140757638e+00 9.792569525907549588e-01
2.279132825435053356e+00 -8.272242957463366020e-01
-1.179279534990598899e+00 7.301479553116314580e-01
9.290441904855456512e-01 -1.608022065033985204e-01
-1.622100873152816369e-01 -7.848776500769605313e-01
-1.057949106405863926e+00 7.652645048048144494e-01
1.008798245672542393e+00 -9.378229528838774032e-01
-1.719667259240347024e+00 6.229160157678219623e-01
7.297559436992127058e-01 -9.389115792217229695e-01
-1.728779858694531768e+00 5.782349261117739614e-01
6.598069520562405144e-01 -8.063653453314882924e-01
-1.116549424309157379e+00 1.876359640557557495e-01
1.898857327884807822e-01 -6.291328749361460027e-01
-7.399796643473808277e-01 1.530259331842129811e-01
1.542374677220567647e-01 4.059446136023389662e-01
4.307460602996229793e-01 -9.083795360806402597e-01
-1.518177549272917481e+00 5.097172243844192430e-01
5.623476629544554850e-01 4.570596769477170036e-03
4.570628597005535476e-03 3.546631490001712628e-01
3.707678369005820707e-01 -8.146191482295117581e-01
-1.140609260915014689e+00 7.744475019954003558e-01
1.031345724005741316e+00 -9.234656538408598792e-01
-1.612072128241050395e+00 9.368194823738590360e-01
1.711403238203079269e+00 -9.576326799974745896e-01
-1.916556947751166584e+00 9.248878161496976169e-01
1.621820093531725959e+00 -4.498048952925510213e-01
-4.844556601181354560e-01 -6.352208357880813061e-01
-7.501205005244782065e-01 8.694854288075137827e-01
1.330966811522118043e+00 -7.254931351626832114e-01
-9.191459474578964617e-01 3.420412963155927688e-01
3.564024601388472990e-01 -2.445023328206934465e-01
-2.495571511930399222e-01 4.375935475463962332e-01
4.692505168046038899e-01 -7.184266274761214044e-01
-9.043856688426964441e-01 4.968246349827483144e-01
5.450812428563820422e-01 -9.295313533029552211e-01
-1.654932273547004007e+00 4.838266610200075424e-01
5.279684871681905589e-01 -9.041308132163538014e-01
-1.494398146424543050e+00 7.330485078021595768e-01
9.352851576219305407e-01 -9.088471849065704600e-01
-1.520858692937986589e+00 1.115492516667617312e-01
1.120154148661418325e-01 -8.165964451979005334e-01
-1.146515500903360074e+00 2.587210352612406283e-01
2.647372039853115866e-01 -8.447317014284255743e-01
-1.237467273778437349e+00 8.668705439683117575e-01
1.320348396816043435e+00 -8.832795806472960587e-01
-1.390494248399223975e+00 8.493478861012488945e-01
1.253807532300463157e+00 -5.366549971589195112e-01
-5.994456650632956629e-01 9.133755800060348040e-01
1.547521259326487764e+00 -8.868937341534710583e-01
-1.407179723274687433e+00 8.675249355651535321e-01
1.322987417262107446e+00 -5.425221737044119141e-01
-6.077228572108603899e-01 8.481539210925206351e-01
1.249537585176488053e+00 -7.169876103332746275e-01
-9.014179842824917577e-01 9.365093735030645128e-01
1.708875029298670523e+00 -7.549106295987489945e-01
-9.842751450600465413e-01 8.799935777810394821e-01
1.375739189951462382e+00 -8.496995760517807028e-01
-1.255071198063528959e+00 8.608855221918232381e-01
1.296755282543073484e+00 -4.668928002182237136e-01
-5.060895860416961822e-01 6.204627849172739129e-01
7.257572008228794225e-01 1.316992124055100244e-01
1.324686629563767148e-01 -3.808186394501532623e-01
-4.010167999546091488e-01 8.968878990532449524e-01
1.456076559640785417e+00 -7.560316563829220238e-01
-9.868866619917104899e-01 9.820226139618697392e-01
2.351379243828639165e+00 -9.655067593180500785e-01
-2.021371000628867876e+00 9.733661664053631091e-01
2.152656865123461216e+00 -8.402489533010918388e-01
-1.222019748407905393e+00 9.690625801989269927e-01
2.076673206414435757e+00 -9.001075111287840658e-01
-1.472785626002373727e+00 9.846068603662662122e-01
2.429627093219499656e+00 -4.349957029027351485e-01
-4.660418985484832133e-01 9.046369507803074805e-01
1.497177756848506291e+00 -7.293605726328704630e-01
-9.273597996754129325e-01 8.245830895326948795e-01
1.170970654831353652e+00 -8.395609133432878624e-01
-1.219683919963849172e+00 8.305654052254545228e-01
1.189956590951742221e+00 -2.615419448839712002e-01
-2.677628572912833516e-01 -1.453714383361933704e-01
-1.464086599668826816e-01 -5.545221823673455175e-01
-6.248880227862574355e-01 3.134869252968513487e-01
3.244076922511802685e-01 -7.270762599880594701e-01
-9.224964095584518020e-01 6.997289838646261195e-01
8.667693210568635509e-01 -5.843233972200690962e-01
-6.690025778397241663e-01 -4.000426841967934521e-01
-4.236997457465049299e-01 7.327733010812605974e-01
9.346905551954922675e-01 -9.715286791314676762e-01
-2.118833602377687697e+00 7.729264148429767500e-01
1.027556336691621386e+00 -7.838127678485130589e-01
-1.055181754570990726e+00 6.822236088124872255e-01
8.332619054218579624e-01 -8.593278078896883221e-01
-1.290769001389819204e+00 3.572225079481072818e-01
3.736984995520292729e-01 -2.320000892605641463e-01
-2.363022998111233008e-01 6.651290212056669704e-01
8.019562849564519924e-01 -8.629945794876793252e-01
-1.304959985103739006e+00 6.973898293288760541e-01
8.622007719370685663e-01 -1.775512096196287803e-01
-1.794530476511081440e-01 5.950577070854212725e-01
6.854603121158198142e-01 -4.889596129516027845e-01
-5.346921431552243975e-01 4.214642556386027361e-01
4.494712262603892117e-01 3.266349015036046355e-02
3.267511385704760518e-02 4.178519035020781258e-01
4.450866922659769687e-01 -7.889803806727316848e-01
-1.068725002528399637e+00 9.646131643133790678e-01
2.008355382130018185e+00 -7.923850426744486475e-01
-1.077808620273667861e+00 6.263648233007749200e-01
7.354113877725463322e-01 -8.142049855082593712e-01
-1.139379316432634237e+00 6.819290239280042520e-01
8.327110445724482668e-01 -8.136200864881604211e-01
-1.137646519147673008e+00 3.716278971543468534e-01
3.903105240312276236e-01 -8.540040091796594623e-01
-1.270761873687695998e+00 1.958043788156136056e-01
1.983659043773897124e-01 -6.193971045176571710e-01
-7.240263193710259060e-01 3.798357557876170798e-01
3.998677002731246821e-01 -3.861251596394277286e-01
-4.072382070677920129e-01 -6.622330101186649776e-01
-7.967804427565633452e-01 5.571224095655024078e-01
6.286506876515547404e-01 -8.184241549287417650e-01
-1.152026055234338875e+00 3.919042808506800757e-01
4.140478861935151245e-01 -8.922409635769623648e-01
-1.432809755252198780e+00 7.550754602744853550e-01
9.846584851503578095e-01 -9.263561895398245705e-01
-1.632072706627043956e+00 8.937263146843774653e-01
1.440142029251532785e+00 -9.680271242286417888e-01
-2.059949474471156172e+00 4.143702897201317348e-01
4.408759949819567314e-01 -5.926294228781395224e-02
-5.933246790914382951e-02 -1.459594305769218725e-01
-1.470093989579185911e-01 4.517874352594664633e-01
4.869438433094608887e-01 -8.675243687848609442e-01
-1.322985126324143001e+00 9.803749635199978663e-01
2.307117679377048258e+00 -9.227526792143032619e-01
-1.607250446286953904e+00 9.662223457040856056e-01
2.032034960718580141e+00 -9.008942166959604814e-01
-1.476945948453221691e+00 9.656115204891024817e-01
2.022918535947498153e+00 -7.765901586038573834e-01
-1.036721613198723579e+00 4.873539053699434409e-01
5.325840923181660580e-01 -4.029129802131641291e-01
-4.271215947698290272e-01 6.601012709550312385e-01
7.929930842984488359e-01 -4.263478590125951984e-01
-4.554246625850071339e-01 1.605877871828386705e-01
1.619899842995846106e-01 3.843822961581723208e-01
4.051915816767701628e-01 -8.378660714536970699e-01
-1.213968860347456991e+00 8.695376446158740169e-01
1.331180854874833397e+00 -8.981207432018135650e-01
-1.462415618977061182e+00 9.399805506781395703e-01
1.737882280762018228e+00 -8.600006168524043648e-01
-1.293347040918637392e+00 9.136365424705562566e-01
1.549098009341165483e+00 -8.146512946120133547e-01
-1.140704829588089497e+00 9.592490143378521461e-01
1.936418247714487562e+00 -4.777847987882412606e-01
-5.201098610693103419e-01 8.717431619333434467e-01
1.340295323457403764e+00 -8.098212976473603275e-01
-1.126509609987453642e+00 9.596232060538101294e-01
1.941126139637469716e+00 -9.226296781763666521e-01
-1.606422941949757544e+00 9.708657006517973365e-01
2.107156007656072472e+00 -9.676407770929369434e-01
-2.053845725540552003e+00 9.003793135487117016e-01
1.474219472810147202e+00 -6.101060003672479359e-01
-7.090901940907977652e-01 7.796138144376617563e-01
1.044385132594308985e+00 -3.251115187649033511e-01
-3.373522178729534970e-01 2.069628297768254521e-01
2.099961658123510599e-01 3.809364630251310113e-01
4.011546162196991672e-01 -5.013204212723811892e-01
-5.510682590085727028e-01 9.363023015883896738e-01
1.707193486460972798e+00 -9.370308920975458644e-01
-1.713133678164181495e+00 9.664934621328927777e-01
2.036133343621741254e+00 -9.523361183628650251e-01
-1.856304015621049075e+00 9.499023029843506327e-01
1.830779754993133501e+00 -9.318113077039115177e-01
-1.671967297095119376e+00 9.821300720912393700e-01
2.354404022231983085e+00 -7.171886667115282554e-01
-9.018318639832743067e-01 8.599187937849726016e-01
1.293032903828565283e+00 -4.888081080431706527e-01
-5.344930546028838769e-01 7.239325502261326761e-01
9.158590536802158066e-01 -2.056475414615485664e-01
-2.086224076008833805e-01 5.127756003391424899e-01
5.664882959293723319e-01 7.352438265949129415e-01
9.400469572457716971e-01 -3.692470376122318210e-01
-3.875509880142539165e-01 9.478586990594004558e-01
1.810264293023718274e+00 -9.328511325992632219e-01
-1.679919703231525396e+00 9.811226915925688186e-01
2.326729195781537474e+00 -8.976811423775244991e-01
-1.460146987980850408e+00 9.682597825854375451e-01
2.063660253655893229e+00 -8.921513608483773172e-01
-1.432370496038851915e+00 9.211071556961820672e-01
1.596283205956928963e+00 -9.390462630537358413e-01
-1.729918174237041306e+00 7.350148307947114157e-01
9.395486905979291148e-01 -8.102211168369023442e-01
-1.127672329585754030e+00 7.639032780239443099e-01
1.005521422032543244e+00 -9.537932528824751843e-01
-1.872201095476319743e+00 9.356233669189422120e-01
1.701716990059255252e+00 -9.311078697701792306e-01
-1.666653595838790913e+00 8.526553030726612414e-01
1.265800234536063273e+00 -9.618000271988494942e-01
-1.969391454196968594e+00 7.333759365465787328e-01
9.359932650946982680e-01 -2.624639649588849100e-01
-2.687528350211665362e-01 -2.415417661582873743e-01
-2.464107564753248436e-01 7.338256598471313286e-01
9.369670509491137000e-01 -9.669256145397632229e-01
-2.042733935664592160e+00 9.045033458521760661e-01
1.496442665479724710e+00 -9.010926262501323114e-01
-1.478000136416302679e+00 9.075637291199329937e-01
1.513531364373348342e+00 -5.447075224166617602e-01
-6.108249226090562978e-01 7.687307156252408680e-01
1.017217346849458970e+00 4.111797749847704853e-01
4.370302184948007262e-01 -1.644723427202705590e-01
-1.659799442692457550e-01 4.635069637962019318e-01
5.017686412497248671e-01 -7.281491670690284357e-01
-9.247763808252655870e-01 8.069287248779380972e-01
1.118162212018308344e+00 1.011148025849389204e-01
1.014615382404202570e-01 3.248168563844162637e-01
3.370227646621837825e-01 3.464229956507559050e-01
3.613731811142093520e-01 -3.424570188976715501e-01
-3.568733388693127728e-01 7.971268642090282297e-01
1.090681822616068608e+00 -5.436579712021865074e-01
-6.093337966462297750e-01 8.880050672479478102e-01
1.412411201819604001e+00 -6.494168696332778268e-01
-7.742896186118246593e-01 9.370811076073251034e-01
1.713545530357091895e+00 -4.093221278685434950e-01
-4.347966470994081289e-01 8.676104826977317774e-01
1.323333305045608643e+00 -5.799351487106912950e-01
-6.623649864346918825e-01 8.423419418883012488e-01
1.229182168586226531e+00 -6.984776517386652728e-01
-8.643217464307850761e-01 7.923332926736579296e-01
1.077669569771966707e+00 -5.452860890417313700e-01
-6.116479445106549617e-01 9.134855953661685790e-01
1.548185424653245601e+00 -8.538701706040977557e-01
-1.270267624013369234e+00 9.329213904863127294e-01
1.680461301656329676e+00 -3.545374812991668456e-01
-3.706240948785632927e-01 6.519664129090777527e-01
7.787113164795396170e-01 -1.317384261338319373e-01
-1.325085690493250923e-01 7.646087885380540294e-01
1.007217717801488943e+00 -3.838319219217350975e-01
-4.045459523828878190e-01 3.024403811117890722e-02
3.025326460118352156e-02 5.556647571641279981e-01
6.265394504374203200e-01 4.804581862614572541e-01
5.235798042148354092e-01 -7.954241874797397527e-01
-1.086028980497842911e+00 8.723195631825776397e-01
1.342701397206176983e+00 -7.665882702716959596e-01
-1.012000730037291074e+00 8.050713442752738258e-01
1.112860886180383702e+00 -4.744668846066348311e-01
-5.158192820103539855e-01 8.771265531480927358e-01
1.363171259543220160e+00 -6.093548039287506324e-01
-7.078944568308256358e-01 6.618980561637006765e-01
7.961840882472582814e-01 2.436157217635331884e-01
2.486143843305672063e-01 -7.796691779111569742e-01
-1.044526308633495049e+00 9.583813124383423476e-01
1.925662131691237011e+00 -9.288370131745294911e-01
-1.649849840565831949e+00 9.842543641883119143e-01
2.418217625914875768e+00 -8.294806587880096949e-01
-1.186469342031577501e+00 9.704058995530909781e-01
2.099209904325831655e+00 -9.709496151542128528e-01
-2.108619506412312994e+00 9.787027415824317567e-01
2.265809188151887810e+00 -5.970548588613616703e-01
-6.885580361740257782e-01 -1.227468783642411548e-01
-1.233689793627423953e-01 6.337209181877855313e-01
7.476099513427357790e-01 -8.887202182646819493e-01
-1.415803579644859589e+00 5.540265406281842386e-01
6.241725837893113971e-01 -8.212779339751526964e-01
-1.160730899910192404e+00 7.452740709291548749e-01
9.622393519029908138e-01 -9.354922031492267642e-01
-1.700665421883381878e+00 5.524064107307901095e-01
6.218379375835296763e-01 3.067390932709044768e-02
3.068353500671834599e-02 -5.230230879062330862e-02
-5.235007875874549826e-02 7.437389226774562268e-01
9.587950674345111501e-01 -8.323263531483049427e-01
-1.195661078923226484e+00 8.861882475245091983e-01
1.403883740945435443e+00 -8.162476397122558902e-01
-1.145469466115405455e+00 9.529295306402343346e-01
1.862720010357039158e+00 -7.330309253770794786e-01
-9.352471541210818362e-01 9.590634141083541619e-01
1.934098802145692408e+00 -1.573016006261984123e-01
-1.586186222740569585e-01 1.029988238439650677e-01
1.033653898298275697e-01 6.419926303743352936e-01
7.615561150330805162e-01 -1.339700912070762306e-01
-1.347803323322536440e-01 5.630939164843218325e-01
6.373520779015195981e-01 -1.524925763804156099e-02
-1.525043982306021131e-02 -3.235119694800205892e-01
-3.355646556123588753e-01 9.160443166387423064e-01
1.563864503720566734e+00 -9.598094213350693016e-01
-1.943484953447593533e+00 8.861071131595009698e-01
1.403505918911560624e+00 -2.849757968110486206e-01
-2.930893846252152213e-01 -2.027798123380939455e-01
-2.056298779288586731e-01 -2.470674496296114686e-01
-2.522871922446233706e-01 2.829426201900838711e-01
2.908778877162271348e-01 -1.197753959517534883e-01
-1.203531490352512945e-01 -7.557728845520566008e-01
-9.862829178160775756e-01 9.539584657942280499e-01
1.874034334882541453e+00 -9.831164818922341064e-01
-2.383043490437317224e+00 9.793343862436938441e-01
2.281022375401925650e+00 -9.385559200766744326e-01
-1.725785556072203519e+00 9.751523116999921692e-01
2.187818036075463546e+00 -8.787037788075470202e-01
-1.370050837888997508e+00 9.727838100617344219e-01
2.141694455624713278e+00 -5.014226641428681797e-01
-5.512048329347748465e-01 5.826993057704649148e-01
6.665400192423130976e-01 -1.342792042679308295e-01
-1.350951080283572525e-01 -2.467683533807219776e-01
-2.519686765867550915e-01 8.636338277956214782e-01
1.307469910673852098e+00 -8.541503365852270990e-01
-1.271302720985421963e+00 7.862815669584087841e-01
1.061615993024442872e+00 -8.343169488002584178e-01
-1.202175411532778737e+00 9.095268618901630742e-01
1.524778891942395465e+00 -9.602926628172899770e-01
-1.949656536269738893e+00 8.828486670826113381e-01
1.388537307341613181e+00 -7.641498882073483045e-01
-1.006113859933458698e+00 8.002745150293015808e-01
1.099375296024118986e+00 -9.565595602234467920e-01
-1.903776042036632976e+00 9.183574224687242049e-01
1.578436840187126045e+00 -9.114704860567314215e-01
-1.536146062757104636e+00 5.194185024907768122e-01
5.755430763321400800e-01 -6.340573351930540724e-01
-7.481723480324007358e-01 4.387935676329462464e-01
4.707357155965156137e-01 -6.943264903561781054e-01
-8.562615098162486005e-01 5.389699902655431529e-01
6.027027481151974175e-01 -4.953820146098692478e-01
-5.431676514562505664e-01 -4.951517860176897767e-01
-5.428625960276531881e-01 3.946203738704729957e-01
4.172608906708039633e-01 -6.322099036300581343e-01
-7.450888797692455379e-01 -7.298497599232968147e-01
-9.284057953883757541e-01 3.966096340298511658e-01
4.196192641171838655e-01 -5.896936082385100253e-01
-6.771961999170461599e-01 6.743378067373121398e-01
8.186561998467959400e-01 -8.823450274440831631e-01
-1.386258626798812399e+00 7.567443571339945718e-01
9.885523296800187154e-01 -9.651348366812414481e-01
-2.015913998072522251e+00 7.052455432588881079e-01
8.776608666380798507e-01 -7.343850821613739921e-01
-9.381803137349520316e-01 8.321664019607407647e-01
1.195140685594677787e+00 -9.246188793657615923e-01
-1.619963194090179304e+00 6.209201239571173758e-01
7.265011535660474973e-01 -5.868544391568059071e-01
-6.728545085667265724e-01 7.701771723804200498e-01
1.020763110283817721e+00 -7.702738959474185743e-01
-1.021000904859583613e+00 2.363784081541495941e-01
2.409346893957935998e-01 6.921757352115236461e-01
8.521206729611836561e-01 -8.979487747393867236e-01
-1.461527047037713078e+00 9.728192692957460253e-01
2.142355303795934862e+00 -9.257451318414132713e-01
-1.627782456671134081e+00 8.030479289343102067e-01
1.107136700338268165e+00 -2.284471376211189564e-01
-2.325504862992347488e-01 8.296823015246115318e-01
1.187116058745003810e+00 -8.700466264855347687e-01
-1.333271461320402862e+00 9.363205207601751345e-01
1.707341224320519713e+00 -7.067165516302730266e-01
-8.805935582215840274e-01 5.101677852064308016e-01
5.629565629947259620e-01 5.942854473420305927e-01
6.842655396913372989e-01 -9.066513593914503621e-01
-1.508381229904296683e+00 9.177255715325641772e-01
1.574417408239091154e+00 -9.546917930731815272e-01
-1.882249812473464123e+00 8.847149209526605773e-01
1.397061921899367398e+00 -9.715336769387302729e-01
-2.118922646725831971e+00 9.156365517511514396e-01
1.561335509603941185e+00 -9.584247403959738065e-01
-1.926195227954201616e+00 8.908176123654741874e-01
1.425872424370015157e+00 -9.325835668686587310e-01
-1.677862109601467866e+00 2.969969074235465079e-01
3.062227544960743897e-01 -8.565495907966034217e-01
-1.280242795117306542e+00 5.358512962748702702e-01
5.983175568254555099e-01 -9.417985694931462204e-01
-1.753729993326870407e+00 7.456097562394405909e-01
9.629948616884136392e-01 -9.300495476533293671e-01
-1.658756893061841264e+00 9.051783688481981338e-01
1.500166677589757080e+00 -9.655119463208248209e-01
-2.021447514473170060e+00 7.275347308454623851e-01
9.234697533946684134e-01 -9.320190635982968930e-01
-1.673546781586465970e+00 6.130636577585887315e-01
7.138151768106872908e-01 -7.100704614523960512e-01
-8.873259656213010604e-01 -3.060246592872514770e-01
-3.161533817168697968e-01 9.168030274345524422e-01
1.568601513805240710e+00 -9.181492458613553787e-01
-1.577109274124665728e+00 8.221434674961604072e-01
1.163395794176414144e+00 -9.331667403464978250e-01
-1.682356939865410128e+00 9.618892150776192640e-01
1.970582931162015550e+00 -5.848805859436929655e-01
-6.698490599102180365e-01 6.923962621568113818e-01
8.525441605224550745e-01 -4.329447932360346307e-01
-4.635151181825156175e-01 9.297811694558709705e-01
1.656772687669025412e+00 -6.390921286505408805e-01
-7.566375328502022990e-01 9.279436883229510435e-01
1.643380673743425557e+00 -5.889601166432933965e-01
-6.760724084890528118e-01 7.836117318602159321e-01
1.054660659315204585e+00 -6.753546486939587812e-01
-8.205233963266389541e-01 5.324506494457160732e-01
5.935592794029800334e-01 -3.118571657125538965e-01
-3.226013358093297034e-01 -3.238659550378621410e-01
-3.359600706015607452e-01 7.179350324696207597e-01
9.033704301597555997e-01 -3.588460021359879959e-01
-3.755607081707616479e-01 4.822631338043257831e-01
5.259291051965508945e-01 1.340626712961065503e-01
1.348746056061640719e-01 1.516689621497191443e-01
1.528482531381507858e-01 7.668769208386103653e-01
1.012701132372127999e+00 -4.434039405955480517e-01
-4.764598407042092143e-01 6.877923492018452878e-01
8.437540689260751847e-01 -3.874308163901057367e-01
-4.087735467217895047e-01 7.606946540618058084e-01
9.978616827025968972e-01 -4.618781501981741311e-01
-4.996961355503108937e-01 7.903867014346839248e-01
1.072461256018001796e+00 -1.855011187530619110e-01
-1.876738973534471944e-01 8.787945679629872719e-01
1.370449385751845384e+00 -6.974802106651051270e-01
-8.623767534077974029e-01 9.234491454647419939e-01
1.611959999080108785e+00 -8.584141408612160351e-01
-1.287286239576311164e+00 7.452113479995324807e-01
9.620982789091402365e-01 -3.230450066073810578e-01
-3.350431954563739545e-01 -2.304627944368029813e-01
-2.346781654100471848e-01 8.161822214575634726e-01
1.145273481721923670e+00 -3.781155449947741776e-01
-3.978589930055638213e-01 9.241332691010698541e-01
1.616626317640479371e+00 -7.491792255920587396e-01
-9.710816525264169830e-01 9.686282199858519126e-01
2.069591740495766885e+00 -8.323184736639422932e-01
-1.195635432849317059e+00 9.483806289487495267e-01
1.815428424921709194e+00 -8.067018313258791373e-01
-1.117512178624478381e+00 9.730077161880503755e-01
2.145881688244270613e+00 -7.261171949721547669e-01
-9.204647365383118451e-01 9.533179914329948934e-01
1.866962952368276696e+00 -6.252481477505641427e-01
-7.335758549080251267e-01 9.505262288848989050e-01
1.837205911720294349e+00 -8.930503919677361679e-01
-1.436793500229174514e+00 9.612267784014805194e-01
1.961797810202412284e+00 -3.878654507373959781e-01
-4.092850443870846844e-01 7.623380356462862162e-01
1.001773644786307260e+00 -9.028333411429759758e-01
-1.487335824901868442e+00 8.735527934470922462e-01
1.347883457665286278e+00 -9.283813543641270538e-01
-1.646540399772072671e+00 7.463934851959922456e-01
9.647620816431328183e-01 -6.571078607007425632e-01
-7.877065871228431382e-01 8.050095241296246762e-01
1.112685215799299243e+00 -6.363760176264178225e-01
-7.520595060636081630e-01 4.053551990530488425e-01
4.300405532213676940e-01 -3.105569831914576362e-01
-3.211617271229078030e-01 -2.810913067381184613e-02
-2.811653741115111710e-02 7.220244873742162062e-01
9.118614397328530519e-01 -5.844365430006691620e-01
-6.691744013362780352e-01 8.416167497448010515e-01
1.226690701344418155e+00 -8.995879107431687949e-01
-1.470054820807360718e+00 9.358571888184615828e-01
1.703596738434494551e+00 -8.622190771315816349e-01
-1.301929599767084778e+00 8.915365262733183638e-01
1.429365643004787856e+00 -8.285943094304860645e-01
-1.183634803804550106e+00 8.488620636247750095e-01
1.252066361153861829e+00 -5.201337746434504528e-01
-5.765231258583718432e-01 1.829251298873652842e-01
1.850074213420707103e-01 -3.653944697604578906e-02
-3.655572166706226589e-02 -7.949083203655781249e-01
-1.084626063858753042e+00 4.185171618762322243e-01
4.458929471879157780e-01 -9.358613662836019476e-01
-1.703630382246938080e+00 9.148262141052579954e-01
1.556344219240552551e+00 -9.783327104318477740e-01
-2.257102986700128433e+00 6.975582725878481938e-01
8.625287825297590638e-01 -9.525822332438607098e-01
-1.858955506587519846e+00 8.745374900283136022e-01
1.352055123685870441e+00 -9.875692780382596681e-01
-2.537248358380066904e+00 9.047077888738616069e-01
1.497567903429386060e+00 -9.595263087396040946e-01
-1.939902939638861845e+00 9.151279341098953468e-01
1.558197345101774989e+00 -8.899107569160772391e-01
-1.421496775373577215e+00 3.439036617836611909e-02
3.440393360494327368e-02 -4.201654470671367658e-01
-4.478929232717595577e-01 1.910988177651792019e-01
1.934773873862067894e-01 -8.128671839621176565e-01
-1.135423169762681983e+00 -1.709060556809492426e-01
-1.725998317421130190e-01 1.427705745118485262e-02
1.427802762150784041e-02 -6.352649312037745855e-01
-7.501944282593847602e-01 -3.558941825109610546e-01
-3.721767017406714118e-01 4.553016636060611133e-02
4.556166683510308457e-02 2.158906051474181187e-01
2.193417753699347106e-01 -2.266598002227019626e-01
-2.306655449297339011e-01 2.887100721155408944e-01
2.971584657467939428e-01 5.607714889425494675e-01
6.339578591078722791e-01 -5.875861217875893994e-01
-6.739712876771486449e-01 4.834573470079112090e-01
5.274864108773178462e-01 1.241284373962330961e-01
1.247719149584782250e-01 3.507944589948585601e-01
3.663494078767459694e-01 -8.099929578462818913e-01
-1.127008549059534515e+00 8.829381962928928296e-01
1.388943337019477697e+00 -9.683156487677168078e-01
-2.064555274183231148e+00 7.249965936235915898e-01
9.180984351696951373e-01 -9.544676287987394758e-01
-1.879724797367591904e+00 8.259086863092779396e-01
1.175126549760566075e+00 -9.412673963911275532e-01
-1.749050667735142728e+00 6.743261116304480884e-01
8.186347518129624135e-01 -7.186627800010727540e-01
-9.048738964757869763e-01 6.789156250720016494e-01
8.270997319484532095e-01 -1.696149291698009764e-01
-1.712701596447177288e-01 6.711789888226400436e-01
8.128855369531238217e-01 -1.718771922628512805e-01
-1.736003589888553689e-01 -2.415429543765252041e-01
-2.464120183125693697e-01 7.606993475865361232e-01
9.978728222191819430e-01 -1.423127484010722373e-02
-1.423223570636353297e-02 7.572278581052807045e-01
9.896847249531277591e-01 -6.610559900741880268e-01
-7.946869432101049124e-01 7.956144979345273205e-01
1.086547327217841863e+00 -8.127599701217538275e-01
-1.135107216115504913e+00 9.668142636796777101e-01
2.041025116519371352e+00 -8.937365261419606410e-01
-1.440192770888910179e+00 9.829375860952801469e-01
2.377728313241876279e+00 -8.773156032313456087e-01
-1.363991493446350622e+00 9.512431506212100096e-01
1.844688136959655056e+00 -9.323564062381147766e-01
-1.676121409849377963e+00 8.670896963723141448e-01
1.321230846772581291e+00 -9.816234411637922430e-02
-9.847947202670515043e-02 -3.393765738583364167e-01
-3.533877835262551059e-01 9.098180810220154457e-01
1.526467159390507922e+00 -8.771004725642296274e-01
-1.363058195985902943e+00 8.946298929821098200e-01
1.444649905029074866e+00 -8.402755442774991756e-01
-1.222110206412282629e+00 9.445985918614316912e-01
1.779102922076885918e+00 -7.799471346906897695e-01
-1.045235564443460108e+00 9.695789177688151073e-01
2.085219594528226139e+00 -9.446791018031938103e-01
-1.779850756585926952e+00 9.579311364642058013e-01
1.920167884269041503e+00 -7.112806315493610532e-01
-8.897710518117009082e-01 4.546851689593306989e-01
4.905907389803798591e-01 8.849874373947332062e-02
8.873087710053831345e-02 -6.921850136510536711e-01
-8.521384857525924339e-01 9.786918364760341937e-01
2.265550476682375969e+00 -8.897996198202032803e-01
-1.420962867276805319e+00 5.618728708009689266e-01
6.355659103902476792e-01 4.369340584694324514e-01
4.684351250692474489e-01 1.828014486099772268e-02
1.828218145627127922e-02 -2.690161027038028285e-01
-2.758028628676001404e-01 3.493843389796595922e-01
3.647423184024977671e-01 7.390844011813061387e-01
9.484585343220496290e-01 -9.445105616530712345e-01
-1.778286441272729057e+00 9.818702383976249948e-01
2.347120683689954745e+00 -9.369974040455767428e-01
-1.712859196022213037e+00 9.549829123215306526e-01
1.885547293999992879e+00 -9.694079131599546706e-01
-2.082373424672398166e+00 9.844135177704812500e-01
2.423337338782356021e+00 -9.123059710242455989e-01
-1.541105647544757096e+00 8.196513031825688467e-01
1.155753994293167608e+00 -5.200430598518521741e-01
-5.763987752178657553e-01 4.286243875142227711e-01
4.582102424458819323e-01 8.128740674836296698e-01
1.135443460690061857e+00 -9.483439319163330383e-01
-1.815063675849826197e+00 9.734980714569215765e-01
2.155172706164014240e+00 -9.574804526136171390e-01
-1.914724766613733253e+00 9.790287840275322395e-01
2.273605330354584453e+00 -6.201592136837593694e-01
-7.252637609524542617e-01 8.381922657014330147e-01
1.215064549147977901e+00 -7.981125805652965477e-01
-1.093391307448572602e+00 9.467562608662002388e-01
1.799519793893850084e+00 -8.097727601340425352e-01
-1.126368606336670908e+00 3.863387791521937231e-01
4.074892804942666369e-01 7.177313996270798802e-01
9.029503221559583848e-01 -6.880924391308242960e-01
-8.443237857650520706e-01 7.571357176626932750e-01
9.894687753808825148e-01 -7.559252716654500936e-01
-9.866383876100544015e-01 8.855552358468260499e-01
1.400942656940137532e+00 -8.264461938485725412e-01
-1.176819856985990898e+00 9.245524943802310158e-01
1.619505812310036097e+00 -8.890760635540102541e-01
-1.417499212044815771e+00 8.853185588463209355e-01
1.399846937331785446e+00 -9.132263683164554280e-01
-1.546621750477121582e+00 8.138847339230333988e-01
1.138429947151349042e+00 -9.035248635890014146e-01
-1.491088658200300676e+00 7.373570500238144643e-01
9.446623977711758879e-01 -9.089227003234853219e-01
-1.521292868867684556e+00 1.966704857432598763e-01
1.992667002349963468e-01 -7.350090376256704916e-01
-9.395360901083483762e-01 7.277218757614327682e-01
9.238674627084861868e-01 -8.415939789053992204e-01
-1.226612638926267262e+00 7.625648843631098739e-01
1.002315479500349937e+00 -8.108478432033374705e-01
-1.129499341328537687e+00 3.895388180540447221e-01
4.112562390029987913e-01 -8.834126716619558062e-01
-1.391100034733332658e+00 1.631570419301394959e-01
1.646283735191734765e-01 -6.277816709005195062e-01
-7.377464202465813248e-01 -2.840364682358672080e-02
-2.841128889957988957e-02 -4.796349470712073515e-01
-5.225100444072782180e-01 2.494001582102696735e-01
2.547730828829822269e-01 -8.963729262103353745e-01
-1.453449864406159087e+00 3.165355109875946926e-01
3.277921260850246155e-01 -7.966128270076199280e-01
-1.089273494856310087e+00 5.737827978813870855e-01
6.531441726361008060e-01 -9.539388488824143142e-01
-1.873816325491702184e+00 8.200964571734277175e-01
1.157111971520130123e+00 -6.822113360559431960e-01
-8.332389476378976312e-01 8.745518447854986333e-01
1.352116163180824060e+00 -9.302827452510682438e-01
-1.660486963398115856e+00 8.382595911466043104e-01
1.215290946548412965e+00 -8.344280384306582699e-01
-1.202541051401132322e+00 9.365735284066335486e-01
1.709397080328848295e+00 -9.621586897564989860e-01
-1.974199574507111032e+00 9.516516210072794024e-01
1.848999291691864721e+00 -9.183319117145463117e-01
-1.578273981057882747e+00 9.672855876553689836e-01
2.048297136007871000e+00 -9.362334453786296251e-01
-1.706635505597570823e+00 8.035234446308942013e-01
1.108477193342359390e+00 -3.331046017782243740e-01
-3.463162893446126156e-01 -4.132673303364126638e-01
-4.395451300447417164e-01 6.705142494130105213e-01
8.116768421723656868e-01 -2.898101157478054080e-01
-2.983589562693756414e-01 6.685452423587812110e-01
8.081080454018277903e-01 -6.608053341425427218e-01
-7.942418633097121372e-01 9.654128188613606554e-01
2.019987231039602094e+00 -8.071099944152136940e-01
-1.118682026418530651e+00 9.662578182981028663e-01
2.032569346703585467e+00 -9.345603105662602106e-01
-1.693253201747745518e+00 9.563754210419772583e-01
1.901614018071014378e+00 -5.540141237249532891e-01
-6.241546677692445533e-01 7.354332906859477603e-01
9.404594839210721480e-01 -6.125964900511138289e-01
-7.130670372342258201e-01 8.286387118377512850e-01
1.183776485876921747e+00 -5.588957108479765123e-01
-6.312258205456734439e-01 7.325463906408592463e-01
9.342006895350855045e-01 1.295693283413059393e-01
1.303017998193518046e-01 6.201667313297515305e-01
7.252759768637282445e-01 -6.454150517587492475e-01
-7.673999984414574538e-01 9.448556771614801120e-01
1.781494625648238239e+00 -9.067810248271783724e-01
-1.509110237359893913e+00 9.729545401227497337e-01
2.144884157717913187e+00 -7.093180713904384538e-01
-8.858100703760427574e-01 7.021503009572684917e-01
8.715293100140137916e-01 -7.411643421917845087e-01
-9.530579980663822504e-01 7.698807363349102761e-01
1.020034865246329581e+00 2.780198822240898537e-01
2.855347956525752795e-01 -6.671630970735169530e-01
-8.056130638221397078e-01 9.425458092562318813e-01
1.760383358513263552e+00 -8.496603031450954413e-01
-1.254929950970056218e+00 9.681901040417484339e-01
2.062546117749001429e+00 -9.517861298886871602e-01
-1.850426727528792004e+00 9.822278942517356226e-01
2.357173277456941385e+00 -9.040261780613126907e-01
-1.493825249047792125e+00 9.852249413382135890e-01
2.450273486824623870e+00 -9.605886764254119026e-01
-1.953473438431216902e+00 9.772749163917738846e-01
2.233002775835937204e+00 -8.619411430688389553e-01
-1.300847377040733388e+00 9.280724943876262900e-01
1.644308664998191505e+00 -2.266054203087935204e-01
-2.306082207097280568e-01 -1.003709889634385455e-01
-1.007100981185819338e-01 7.000442856042295992e-01
8.673873674908531006e-01 -8.612060754057974110e-01
-1.297994854013408972e+00 9.575304313547017276e-01
1.915325593096419921e+00 -9.770324444814839637e-01
-2.227634821789015174e+00 9.824298300319903587e-01
2.362937991140108274e+00 -9.857501927126267605e-01
-2.468504334815451173e+00 7.249719837308694625e-01
9.180465590992051839e-01 -4.849307193765629576e-01
-5.294109897158065792e-01 4.986981017716404785e-01
5.475717835965261404e-01 -8.948308547451119255e-01
-1.445657446797657952e+00 -1.617284275083803735e-01
-1.631610393314651963e-01 8.231761663956422836e-01
1.166590729435424079e+00 -9.039392952484599508e-01
-1.493349999654553617e+00 9.134533584090801517e-01
1.547990725896713604e+00 -9.696112773882409330e-01
-2.085759954135195215e+00 9.316627176022639345e-01
1.670840471367450952e+00 -8.109824734241266597e-01
-1.129892518013252189e+00 8.033279315593156999e-01
1.107925686613736582e+00 -5.210965831443088447e-01
-5.778439239431818475e-01 -5.966238433964889953e-01
-6.878885316368131830e-01 7.624705382989959146e-01
1.002090076819689646e+00 -9.040560517572305832e-01
-1.493988752694671573e+00 8.205608693325279202e-01
1.158531928528244492e+00 -7.493759320990892592e-01
-9.715301570663060771e-01 8.100502451485376287e-01
1.127175147293719926e+00 -8.802858381031132273e-01
-1.377036084329520182e+00 8.452526142012994903e-01
1.239288723504078815e+00 -6.515279336767244578e-01
-7.779490429232310822e-01 7.523313577882799752e-01
9.783053260622017744e-01 4.477033008977387291e-02
4.480027840282234386e-02 5.714715997027673688e-02
5.720949251343335207e-02 9.209149539990246769e-01
1.595016542487142974e+00 -9.081384663752259945e-01
-1.516800523425975378e+00 9.662319572869586537e-01
2.032179702374512065e+00 -8.359375996528041197e-01
-1.207531869053730444e+00 9.742316500392649292e-01
2.169393785267177410e+00 -9.247213036937516062e-01
-1.620669640870637807e+00 9.686004467068873858e-01
2.069142234816045534e+00 -9.241634168035550712e-01
-1.616832879722506666e+00 9.361314008642023232e-01
1.705809651801111659e+00 -9.075984043621060371e-01
-1.513728051326622692e+00 8.411662791405993822e-01
1.225148311457077144e+00 -9.548395952340889004e-01
-1.883921359204284496e+00 9.459132066792321769e-01
1.791448310441460245e+00 -9.624103975643732989e-01
-1.977600655067730973e+00 8.917988966792307348e-01
1.430645944578361028e+00 -9.705486541449851456e-01
-2.101663839442298176e+00 9.499296068945926041e-01
1.831059337225086514e+00 -9.616579981075784600e-01
-1.967499680792845540e+00 7.203122805030309772e-01
9.082937092486285113e-01 -1.018564437588096588e-01
-1.022108973480885807e-01 -1.683328459873561223e-01
-1.699503940833923532e-01 2.633905383554736024e-01
2.697482202255548911e-01 -8.567120630317940355e-01
-1.280853171696620496e+00 7.734925360591365928e-01
1.028964083924861495e+00 -9.762639351897091089e-01
-2.210983913189765282e+00 9.431069195063228605e-01
1.765434875187092523e+00 -9.686188920083695919e-01
-2.069440725146042492e+00 8.646705903744918986e-01
1.311563905867052515e+00 -9.764866519229845609e-01
-2.215753933074260384e+00 9.599317870214723047e-01
1.945040811458258911e+00 -9.647354184737063632e-01
-2.010116882052817022e+00 7.288555410311740035e-01
9.262815969118347592e-01 -5.976964152581989431e-01
-6.895555704037952260e-01 5.082931757387961769e-01
5.604256450289895053e-01 3.092551829950967654e-02
3.093538288900649080e-02 -8.342313113575643424e-01
-1.201893697065541611e+00 9.438411368487076292e-01
1.772118372736497305e+00 -9.743293628267298834e-01
-2.171318120130450779e+00 8.742686469282562323e-01
1.350913147534515524e+00 -9.700281756295039415e-01
-2.092772685640396091e+00 8.780113963203766136e-01
1.367020550085034092e+00 -9.674271191920705837e-01
-2.050500936074950431e+00 6.105484140402634985e-01
7.097952350759600959e-01 -8.677903547127906458e-01
-1.324061249055393574e+00 2.351322779278754715e-01
2.396152222044578006e-01 5.034043549403671713e-01
5.538556409723234264e-01 -7.092869094345384262e-01
-8.857473563802646943e-01 9.092172319652150891e-01
1.522989561299233463e+00 -8.815386923772065009e-01
-1.382629392580152272e+00 9.709863241876620643e-01
2.109261035025265407e+00 -7.902265924592133395e-01
-1.072034771167279743e+00 3.776807640885023742e-01
3.973517782624439443e-01 -1.138819979652709452e-01
-1.143781807882834622e-01 -2.926015462407927648e-01
-3.014090390463334823e-01 9.463637327009967182e-01
1.795746345150963208e+00 -9.749423078064004544e-01
-2.183556805840541681e+00 9.197434809822117030e-01
1.587359429931805455e+00 -6.348733889779375472e-01
-7.495382347263482847e-01 -2.140645076466141661e-01
-2.174271941953605791e-01 -9.364732231337850876e-02
-9.392252862791100609e-02 -7.061527687907546147e-01
-8.794681307170919560e-01 3.906088764249058820e-01
4.125183351020971778e-01 -6.664723102843600477e-01
-8.043691962883219304e-01 4.553060629219168320e-01
4.913737282174833743e-01 -1.541272423841522077e-01
-1.553653797180303553e-01 -3.631072408978571198e-01
-3.804604101512663594e-01 8.028813242321924948e-01
1.106667718666566991e+00 -1.727157183819639508e-01
-1.744645392801381090e-01 -1.467663120037496216e-01
-1.478339439096400809e-01 8.268033868954485222e-01
1.177947747100055009e+00 -7.377585349678138504e-01
-9.455428309426109346e-01 7.506731435486123649e-01
9.744954671220085185e-01 -8.876697399027255742e-01
-1.410827561189818669e+00 9.267405755451784133e-01
1.634789066075944763e+00 -8.710718744666026137e-01
-1.337505828929045570e+00 5.131721299303572126e-01
5.670264317826831935e-01 -8.912174269628774237e-01
-1.427812447316270106e+00 7.937928806935617976e-01
1.081603243814549531e+00 -8.554787996225529101e-01
-1.276235921267242501e+00 -3.045936427077842179e-01
-3.145752624573598388e-01 7.366496960190905829e-01
9.431139869260112274e-01 -8.801207084156706939e-01
-1.376302963654606693e+00 8.088882548857381227e-01
1.123804700901492204e+00 -9.807235735294678181e-01
-2.316167287571680333e+00 9.377964735164788790e-01
1.719447537047986252e+00 -8.950646043780842165e-01
-1.446831663975773896e+00 3.724288210063016469e-01
3.912401069866744963e-01 -5.752449440042951556e-01
-6.553266976133820254e-01 2.725742188937210764e-01
2.796425486203352739e-01 2.262360151289208865e-01
2.302188541241603492e-01 -9.496157917285368288e-01
-1.827854902114673719e+00 6.808606881593295412e-01
8.307167669513179087e-01 -8.987525119598734902e-01
-1.465692240332479912e+00 9.697278891202332218e-01
2.087711914597841112e+00 -8.971276436230665174e-01
-1.457303646765442995e+00 4.382007488572149945e-01
4.700017748250550076e-01 3.612174407629194228e-02
3.613746670137507611e-02 -8.303291716489673568e-01
-1.189195424352367025e+00 9.280826775539735563e-01
1.644382098472674247e+00 -9.854264742310661074e-01
-2.457191219666045701e+00 9.806221957484726470e-01
2.313519007136759953e+00 -9.790939397699233160e-01
-2.275177666338487725e+00 8.918093791437124995e-01
1.430697157149135812e+00 -9.305128691652106987e-01
-1.662199707168005025e+00 6.722254809825455313e-01
8.147923558158265411e-01 1.624197634047783723e-01
1.638710251761780201e-01 -9.062080552182555371e-01
-1.505896130248183695e+00 8.229430809544745484e-01
1.165868147024429868e+00 -7.838689262623814713e-01
-1.055327396056889633e+00 9.063266941234698892e-01
1.506560106565713930e+00 -4.612578284753167668e-01
-4.989078798273954840e-01 -1.597098248329125170e-01
-1.610889114947114953e-01 6.408636449842716187e-01
7.596379298205256925e-01 -3.184865392066695278e-01
-3.299618969566572302e-01 9.775595538351823655e-02
9.806914579954584266e-02 -1.484524140418081728e-01
-1.495576023661736587e-01 -5.289539200013765319e-01
-5.886915722541132823e-01 8.959281179241239679e-01
1.451190967705865642e+00 -8.063284553202684224e-01
-1.116443965423623563e+00 4.280052055400142552e-01
4.574519487425365849e-01 -6.208865126200984602e-02
-6.216862024155271615e-02 -5.305566027232729853e-01
-5.909195045300680293e-01 8.585305147903966594e-01
1.287728683523456263e+00 -8.173446765614114096e-01
-1.148765423714624534e+00 9.614622942772484970e-01
1.964904205558040351e+00 -6.327858747365200376e-01
-7.460489175066508105e-01 7.920580392605165443e-01
1.076930487566545080e+00 -7.509621225825856561e-01
-9.751578485681435815e-01 2.524421955796023465e-01
2.580195240284357538e-01 6.610980301205795495e-01
7.947616177216629829e-01 -7.988301610065708935e-01
-1.095371150329790932e+00 8.609804203910286224e-01
1.297121975932446825e+00 -8.168286117245012745e-01
-1.147212738288527767e+00 8.217714996044360731e-01
1.162249110487156400e+00 -6.255046038030209754e-01
-7.339970311476592402e-01 -4.671989956912075970e-02
-4.675393676197615866e-02 6.176143380626331059e-01
7.211390132368887818e-01 -8.563433426401836357e-01
-1.279468879112448221e+00 4.019196633606241242e-01
4.259363386821427566e-01 -8.106759791366440204e-01
-1.128997790205687579e+00 8.414220887822686512e-01
1.226023700229474489e+00 -9.659442400652940020e-01
-2.027864379407022355e+00 3.845462449160832463e-01
4.053839675209751636e-01 -3.700149284663318272e-01
-3.884403961635177760e-01 7.739837693348124992e-01
1.030188099920155365e+00 -9.640766200597059576e-01
-2.000694582531621801e+00 4.650346735007596655e-01
5.037161272878792895e-01 -2.222343943271920252e-01
-2.260053663300745641e-01 1.879935910546407796e-01
1.902564361262532311e-01 -8.716954883618611705e-01
-1.340096770786828984e+00 2.621827868938160222e-01
2.684508782339726229e-01 -3.571821679971653452e-01
-3.736522596954647280e-01 2.261531794350635782e-01
2.301315516888029489e-01 -3.431263798345791094e-01
-3.576318268516019971e-01 -4.102201775663110728e-01
-4.358759202748068162e-01 -2.810673263408881017e-01
-2.888405718414486234e-01 -1.629668865798046817e-01
-1.644330239793845017e-01 -2.485075560126937533e-01
-2.538215036030587735e-01 -1.388695198013235599e-01
-1.397726810949224130e-01 1.487557326513619937e-01
1.498677704735549843e-01 -5.224195054034066477e-01
-5.796617036935984846e-01 3.208462426371655463e-01
3.325901771863763456e-01 -8.963017586928064828e-01
-1.453087834958648461e+00 5.613531331715193584e-01
6.348067157725232335e-01 -9.487353841563382906e-01
-1.818967577838937810e+00 7.889866979104035449e-01
1.068741736712305102e+00 -9.732216037596863600e-01
-2.149913682945792548e+00 9.512609164840848397e-01
1.844874910967534198e+00 -9.679724096502384523e-01
-2.059080664138518202e+00 9.503619401966980629e-01
1.835506185233758636e+00 -9.620279057956561131e-01
-1.972441168127710309e+00 5.360952850182982843e-01
5.986598854028318817e-01 -1.230930491061519305e-01
-1.237204607522830319e-01 -8.094307647268180750e-01
-1.125376005938618418e+00 6.377256014422136854e-01
7.543308990718118334e-01 -9.049086881766815749e-01
-1.498675873321574370e+00 9.742073177770215198e-01
2.168915710877286518e+00 -9.844292516796390169e-01
-2.423846287382625420e+00 5.991449390874720171e-01
6.918122172232437084e-01 -3.599118368348286356e-01
-3.767846144800554020e-01 7.225203463089566180e-02
7.237815703597247352e-02 -4.592338056152812653e-01
-4.963398869427415594e-01 6.044691397483645257e-02
6.052069670019297187e-02 1.229564544938572812e-01
1.235817669973579003e-01 -2.654566354542361450e-01
-2.719696396263887594e-01 4.786014736650425760e-01
5.211686473256540442e-01 1.538514245571884487e-01
1.550828626422510181e-01 7.054434462329006728e-01
8.780547119238091280e-01 -8.085897706127289641e-01
-1.122941882827573012e+00 9.736510207832229646e-01
2.158105440839218403e+00 -8.681093526227708912e-01
-1.325354503367130787e+00 8.424948528336183573e-01
1.229708846164506264e+00 -6.318966402133027183e-01
-7.445672162987877485e-01 7.954822058865922418e-01
1.086186959372759331e+00 -3.191499510253688054e-01
-3.307003710701865717e-01 8.584397426180706558e-02
8.605577834056302167e-02 2.088262306636962939e-01
2.119437418659015082e-01 1.123397835479246765e-01
1.128159791221476083e-01 -5.943718983249685062e-01
-6.843992047112249510e-01 8.522041669208461068e-01
1.264149917650232879e+00 -2.710771748819398863e-01
-2.780260633948483107e-01 -1.778729074529512288e-01
-1.797852365361036486e-01 7.763085682041585001e-01
1.036012543132585506e+00 -9.456093553464622881e-01
-1.788569167215741551e+00 8.580417978837053816e-01
1.285872876156475053e+00 -8.972528025726942413e-01
-1.457945324050756275e+00 8.838138993943613908e-01
1.392930224804933115e+00 -9.628398709534088384e-01
-1.983455615322742949e+00 4.639028666237907661e-01
5.022729903737380708e-01 -9.276524980654914376e-01
-1.641288647181683213e+00 9.221976601740671242e-01
1.603526459754161859e+00 -9.728102864890650903e-01
-2.142187812262319024e+00 4.170157547065467263e-01
4.440740977535685419e-01 -6.332891775612081720e-01
-7.468887866090236916e-01 5.200897511554597452e-01
5.764627770325509992e-01 -8.235351648361782795e-01
-1.167705335995990801e+00 -5.933165228438823657e-01
-6.827689003856851624e-01 7.577229415928001810e-01
9.908462632207873932e-01 -9.724882901668453483e-01
-2.136219695001678964e+00 9.413576726289920593e-01
1.749843046306841954e+00 -7.402166236874770933e-01
-9.509583825611387375e-01 3.734417782805729003e-01
3.924167067960553368e-01 -5.430636890754679813e-01
-6.084905549336043773e-01 7.123719095181795247e-01
8.919832384245739432e-01 -3.628015080910966805e-01
-3.801082905560778102e-01 1.947338408419897748e-01
1.972529284816046391e-01 7.899416438567503640e-01
1.071276459297700878e+00 -7.203241645938310844e-01
-9.083184090238352049e-01 9.750469568197502879e-01
2.185675833372790144e+00 -8.790042740268652066e-01
-1.371371025801261689e+00 9.768344931404233655e-01
2.223293852233256818e+00 -8.624773876278339912e-01
-1.302937226053843434e+00 9.867508162357322421e-01
2.505159939910973410e+00 -6.482666019668582580e-01
-7.723029868715537427e-01 7.382001251958038024e-01
9.465125353827097410e-01 -3.679185669937911629e-01
-3.860136669097756212e-01 8.918158938135571923e-01
1.430728987230724947e+00 -8.448287802463853025e-01
-1.237806299656295739e+00 9.515454035449127934e-01
1.847874824205685940e+00 -8.696958322374352957e-01
-1.331829785271706479e+00 9.473268750089001156e-01
1.805053757261653402e+00 -8.598247514212027376e-01
-1.292672063623978573e+00 6.357976712528368157e-01
7.510881376346986160e-01 -9.331001397396482266e-01
-1.681841702433737318e+00 8.929908106056864137e-01
1.436499291912733733e+00 -9.344421948346610662e-01
-1.692321008723106868e+00 4.766281480997850983e-01
5.186121399498816453e-01 -9.200693145169247522e-01
