-2.869978081527116975e-01 5.454826913871502203e-01
6.119277832496171632e-01 3.370459858818928844e-01
3.507561719301463543e-01 -3.276581201755514594e-01
-3.402024481868132222e-01 -3.884222088508483550e-02
-3.886177257446443711e-02 -4.380960185347524405e-01
-4.698721622587652691e-01 9.747541153061878294e-01
2.179768005495236416e+00 -6.476641718900347788e-01
-7.712645663026190812e-01 4.263292838838690368e-01
4.554019611372126519e-01 -4.180946597565274314e-01
-4.453808359066140365e-01 8.877947669601857772e-01
1.411417502285822190e+00 -8.646330466516595203e-01
-1.311415145526632742e+00 6.310807325272452806e-01
7.432101337100370797e-01 4.028975917175207644e-01
4.271032241170854560e-01 2.429523362386178664e-01
2.479092647786194648e-01 -9.371759829096980299e-02
-9.399342683681191635e-02 7.735126553607856170e-01
1.029014170097326542e+00 7.231146949775960620e-01
9.141427210921763136e-01 -4.983704358028826498e-01
-5.471357465279301779e-01 7.802834418018693707e-01
1.046094761857729427e+00 8.762252932632275115e-01
1.359277091396992265e+00 5.366110652753892651e-01
5.993839651451957629e-01 -3.557632151313362412e-01
-3.720267481240617791e-01 8.578799802770407101e-01
1.285259705583348122e+00 2.972953089305506169e-01
3.065500552955192637e-01 -4.532808918784828056e-01
-4.888219032071580705e-01 2.453018657198879071e-01
2.504076973909323822e-01 -2.667704102374744979e-01
-2.733835421732679349e-01 8.327780387065500944e-01
1.197133054610117764e+00 -9.958753625390519559e-01
-3.090929941817395665e+00 7.434962132645166477e-01
9.582521332971164485e-01 1.727888701096699231e-01
1.745399412558225061e-01 7.215093467337708733e-01
9.107861071776452988e-01 -9.163826800334825551e-01
-1.565971995970451669e+00 9.740539647342700835e-01
2.165912871516336935e+00 1.334306173665109341e-01
1.342310394358228187e-01 6.840625157422786096e-01
8.367099790440092333e-01 3.244315210677856109e-01
3.365920391065536088e-01 -5.778657067362183986e-01
-6.592524502137577791e-01 9.733182441771980331e-01
2.151745881658511550e+00 -8.265322490741525696e-01
-1.177091396904522025e+00 1.937856336625010667e-01
1.962675355976691294e-01 -8.295321416022771732e-01
-1.186634393832952217e+00 -4.662484691402592474e-01
-5.052659616212552551e-01 -9.444694362093073448e-01
-1.777905433647826161e+00 -4.520989337664567120e-01
-4.873352973435643443e-01 -8.438404645493209344e-01
-1.234363868285765387e+00 -9.657063899137748875e-01
-2.024323951855182102e+00 7.257661258172064533e-01
9.197225320242927715e-01 -9.971809897313530513e-01
-3.281553052669876180e+00 3.917219560393207511e-01
4.138324950700713600e-01 -1.064012912875273165e-01
-1.068055723714937955e-01 -1.685402880611595877e-01
-1.701638933186166991e-01 -6.815517648691336028e-01
-8.320061904502058514e-01 2.596715812570400406e-01
2.657562096591367107e-01 -7.124209605465837702e-01
-8.920828361770194448e-01 7.326674299476727548e-01
9.344619515143084421e-01 -9.593253323267728616e-01
-1.937374995995555516e+00 6.321688887603652551e-01
7.450205599767167897e-01 -9.904797700640616265e-01
-2.671355988849525520e+00 8.613710081942181906e-01
1.298633677695926192e+00 -9.906923575047135166e-01
-2.682700969589130846e+00 -7.343345968218821795e-01
-9.380707334716411605e-01 -8.737272890986130802e-01
-1.348620494238458756e+00 -9.026441797609310314e-01
-1.486313677231221764e+00 -9.603680184881746573e-01
-1.950625546441513425e+00 -9.916675594821675599e-01
-2.738285571903376070e+00 -3.615300932306028669e-02
-3.616877283113373309e-02 -9.265206817292976904e-01
-1.633233458424020235e+00 2.057072877831098434e-01
2.086847930254912553e-01 -2.215451717896981809e-01
-2.252804525742030106e-01 1.184283245658967754e-01
1.189866939191757539e-01 -6.457629288365432929e-01
-7.679964803342977930e-01 6.598489404580828444e-01
7.925460328870367332e-01 -4.422667312030384990e-01
-4.750452193232330700e-01 7.178438875241727191e-01
9.031823607917056629e-01 9.221050632782476497e-02
9.247319626437527917e-02 9.616564699185528031e-01
1.967479363281380955e+00 -2.215933833658913499e-01
-2.253311531930907163e-01 -6.339999327019298914e-01
-7.480763584790000031e-01 9.373615496709420958e-01
1.715851494191180215e+00 -2.035713143552928261e-01
-2.064554602920872783e-01 7.995245987931808296e-01
1.097293122623443917e+00 -9.168895074829055414e-01
-1.569144072752164387e+00 7.967754444452819218e-01
1.089718682475883771e+00 -7.673784555571423471e-01
-1.013919884437418428e+00 8.602954714739923237e-01
1.294480463953658234e+00 -3.041523775622203551e-01
-3.140889432662428149e-01 3.878729823146006561e-01
4.092939096816209377e-01 6.190933051321694247e-01
7.235335667887997646e-01 2.547279515800058292e-01
2.604623695154449914e-01 9.439033684501944022e-01
1.772688754573547687e+00 5.438607835559038373e-01
6.096217491446038750e-01 9.884882804213996899e-01
2.575882180357723872e+00 9.196140125320595438e-01
1.586519766950568622e+00 9.829881806843414616e-01
2.379225905919998496e+00 6.937204196419242130e-01
8.550922369692990355e-01 7.803463764956298787e-01
1.046255675443612976e+00 9.900974996510082393e-01
2.651575812780554209e+00 1.118649451139416690e-01
1.123350974677284064e-01 1.152209583283701905e-01
1.157349448790903623e-01 6.878419150239702962e-01
8.438481382143021570e-01 9.826718301292823865e-01
2.369933564874895371e+00 -6.899526580682546761e-01
-8.478653964096120044e-01 -5.051699613545165279e-01
-5.562233773013132154e-01 8.539761604528702810e-01
1.270658997327613005e+00 8.830396795615670369e-01
1.389403932617066850e+00 -9.356315899952535320e-01
-1.701782985209379095e+00 9.487833781390098142e-01
1.819448211558615469e+00 -8.710247714027156141e-01
-1.337310603150614341e+00 9.707178476972596615e-01
2.104587475526731311e+00 -9.045929696925192331e-01
-1.496935665919185254e+00 9.668451663738595325e-01
2.041498791462093454e+00 2.739271455953792844e-01
2.811046443632039815e-01 -7.878161489212693880e-01
-1.065648502268401021e+00 6.718492030018767824e-01
8.141061751533735791e-01 8.010484666201727055e-01
1.101531505778702291e+00 -7.874852382406637430e-01
-1.064776781576329157e+00 7.358898630655538176e-01
9.414546243833338268e-01 9.125858121206178453e-01
1.542776915786888248e+00 5.686148156796287934e-01
6.454734178916806675e-01 5.655762402344305384e-01
6.409943885546491860e-01 8.289931259375521444e-01
1.184908567560737591e+00 3.344277435839215218e-01
3.478053079361804190e-01 8.945449821649753552e-01
1.444224741484863905e+00 9.260041386233820448e-01
1.629596788438270050e+00 9.195099370014967466e-01
1.585845727752270617e+00 4.743079419926951035e-01
5.156141832750908982e-01 4.707225803488184757e-01
5.109981965404734039e-01 -6.994721709487675132e-02
-7.006162803630611169e-02 -6.228810470663175280e-01
-7.296988050571081574e-01 7.967388804348934928e-01
1.089618555940155886e+00 -6.442683970008549199e-01
-7.654371492293287060e-01 -8.444876613601881576e-01
-1.236615875477234061e+00 -7.341685502291211973e-01
-9.377104476415792922e-01 2.157039998157412319e-01
2.191460556694515560e-01 -9.751290252134958703e-01
-2.187343776050294064e+00 -5.772360610721305463e-01
-6.583076532268103964e-01 -7.458266124784510565e-01
-9.634833818644688019e-01 -3.089868569556978306e-01
-3.194249407126676932e-01 -9.386373274259861565e-01
-1.726469442480024430e+00 5.709198872619329901e-01
6.488864988707394588e-01 -8.915590336036500752e-01
-1.429475358564725518e+00 -4.327527415881534667e-01
-4.632787882089454135e-01 -9.402768651131249156e-01
-1.740433245737480927e+00 -4.703548847467010074e-01
-5.105259402123791812e-01 -9.681717023069386086e-01
-2.062252281130253717e+00 -3.623071797875301314e-01
-3.795391513611774403e-01 -9.323836967233313233e-01
-1.676330234569587629e+00 -9.846058169767981649e-01
-2.429592940118132649e+00 -4.913300011604430084e-01
-5.378120725339046171e-01 -9.205382362900517146e-01
-1.592542405399286931e+00 -1.672656877605756542e-01
-1.688523176479928001e-01 -9.848941466591001337e-01
-2.439119278950293346e+00 -7.406332479151911397e-01
-9.518805851476336288e-01 -9.079661088426465021e-01
-1.515818098915621803e+00 -7.718466573778289819e-01
-1.024879816350598993e+00 -9.933788036991028081e-01
-2.853655152754277502e+00 2.752750681480833992e-03
2.752757634626956662e-03 -7.098102684585422262e-01
-8.868013667369478714e-01 3.273000594396200391e-01
3.398013753713643448e-01 -1.594675442539565391e-01
-1.608402991181070996e-01 2.271245298771152887e-01
2.311554973734125662e-01 -7.695417759104196120e-01
-1.019203151383440975e+00 8.341738081277192407e-01
1.201704607690504911e+00 9.161512781021261542e-01
1.564529832574867108e+00 6.752057083512402746e-01
8.202496072572160735e-01 -1.869785160545135994e-01
-1.892043801828269534e-01 9.529318924187355488e-01
1.862745703349927062e+00 -4.907025838436335219e-01
-5.369853300147907627e-01 9.645437830262785228e-01
2.007358357616411126e+00 9.218869125578721402e-01
1.601452566845167791e+00 -4.415671484735547714e-01
-4.741758585534147641e-01 5.640454616256507236e-01
6.387465100447131672e-01 2.877607075200690478e-01
2.961230817126090376e-01 -2.373812121685296705e-01
-2.419971080003531783e-01 8.484321341851325249e-01
1.250529789945324044e+00 9.179819079141897376e-02
9.205736075741385860e-02 1.996431548144196877e-01
2.023608679341523942e-01 -7.421987664816636077e-01
-9.553571890397788424e-01 -1.905430295003813709e-02
-1.905660944528470013e-02 7.282719033064648517e-01
9.250376833134624777e-01 -4.844783484466865242e-01
-5.288197026838603598e-01 -9.669297240149142825e-01
-2.042797108906914350e+00 3.065260395806334026e-01
3.167066622831323786e-01 -1.862250039832939186e-01
-1.884236840610914732e-01 2.450241441458111402e-01
2.501122159311794380e-01 -9.577648346007449076e-01
-1.918152766818642885e+00 4.452196876872151904e-02
4.455142103840697976e-02 6.865394208663592179e-01
8.413802104086081091e-01 -6.509441011793408727e-01
-7.769352539380820488e-01 5.597193336343704306e-01
6.324243840309341502e-01 6.722754715868115571e-01
8.148835663479683245e-01 6.074899716154553708e-01
7.049335653372734711e-01 6.580396068622443861e-01
7.893481514645898089e-01 8.881310747466961697e-01
1.413007446885158780e+00 9.948299991028127787e-01
2.977720625076644367e+00 9.338759944431697102e-01
1.687874852017455574e+00 8.420212425946632662e-01
1.228079085957736627e+00 8.875030092787347114e-01
1.410041801649683402e+00 8.692667013225030548e-01
1.330071067302983190e+00 9.622342338782879922e-01
1.975217992072437312e+00 9.908821849929291270e-01
2.693051467852024317e+00 -5.483662820328750742e-01
-6.160420748131307800e-01 9.899927524941272150e-01
2.646288347336352764e+00 8.639289730330100836e-01
1.308632441703011295e+00 8.728533430495752921e-01
1.344938599733194184e+00 -3.457302121352882063e-01
-3.605861336499819325e-01 6.957196889497222481e-01
8.589565862856666234e-01 1.681568857411198104e-01
1.697693079519539960e-01 9.829753909895306840e-01
2.378846916145989976e+00 -6.315134419139838418e-01
-7.439295607024900558e-01 -2.966709418966307910e-01
-3.058652928869756704e-01 6.818149495561917073e-01
8.324978416077356558e-01 -7.989558854909423191e-01
-1.095718676409380699e+00 3.712320889326216622e-01
3.898513709273916383e-01 -9.240091446634195460e-01
-1.615776687814922008e+00 3.966924963865733345e-01
4.197175974625357853e-01 -9.828660616119757609e-01
-2.375618692640443896e+00 4.812333263401681327e-01
5.245880676588268177e-01 -9.004019739734258065e-01
-1.474339181321539183e+00 -1.356804925036826648e-01
-1.365224011672248605e-01 7.101410350167849939e-02
7.113384078886203499e-02 -6.044031412441376316e-01
-7.000557162628410213e-01 -8.154552570192268313e-01
-1.143099801049545894e+00 8.431767960130392980e-01
1.232063399937663117e+00 -5.614194233872539241e-01
-6.349035116498533693e-01 5.120968805860930811e-02
5.125452327029816901e-02 -1.668764146813317417e-01
-1.684518668866668845e-01 1.882092581242201523e-01
1.904800138567127321e-01 -4.032384085027724274e-01
-4.275101519578403675e-01 -7.915573921962940629e-01
-1.075588415525407182e+00 1.681117385701568212e-01
1.697228473802546711e-01 -7.160535575386886009e-01
-8.994984263766169219e-01 -9.431629200072356722e-01
-1.765941683036978738e+00 -9.893022576053669415e-01
-2.612753251933122467e+00 -6.350202646478165791e-01
-7.497843225381961574e-01 -6.428026475812842477e-01
-7.629352783875863464e-01 -9.403842995349076528e-01
-1.741361177490748702e+00 -9.983473336184169877e-01
-3.548842906152077425e+00 4.148818206887875948e-01
4.414937224477959443e-01 -9.943802614864085676e-01
-2.935901750099814134e+00 8.494307577736778248e-01
1.254105056300364396e+00 -9.896848688383066417e-01
-2.631059842870774546e+00 -6.968796680957939360e-01
-8.612082462223391577e-01 -3.846524108305998668e-01
-4.055085632120455363e-01 -2.087609287420252868e-01
-2.118754633591606873e-01 -9.585248030714444978e-01
-1.927425616577056466e+00 -8.885582607451362191e-01
-1.415033527752773024e+00 -9.512356674032932391e-01
-1.844609485122076009e+00 -9.614614313799393353e-01
-1.964892790226536512e+00 -2.374183574668315561e-02
-2.374629814721135324e-02 -9.740888221250543211e-01
-2.166593880603078226e+00 -2.852412202083400850e-01
-2.933782924338672604e-01 -9.139684060438880708e-01
-1.551109732367872862e+00 -7.691486966100525846e-01
-1.018239976258562995e+00 -9.826523457700178099e-01
-2.369366750734256399e+00 -1.657181856891812299e-02
-1.657333583176744118e-02 -9.662151558398147655e-01
-2.031926714395182021e+00 -9.448431189378584394e-01
-1.781377543150097775e+00 -8.069797601811302679e-01
-1.118308518405004115e+00 -8.928013087846310425e-01
-1.435564572463915223e+00 -9.754987938661477953e-01
-2.194926926506532538e+00 -8.658812925692946916e-01
-1.316381739627335623e+00 -6.886483273134190730e-01
-8.453803139532876099e-01 -8.580701412174290832e-01
-1.285980343127163472e+00 3.094123380953943681e-01
3.198953998188516223e-01 -9.891769858406704863e-01
-2.606900724821661797e+00 6.935610931332274465e-01
8.547851681188335382e-01 -4.664738835387294280e-01
-5.055540284731896428e-01 -2.229286151847870434e-01
-2.267357734363637800e-01 3.810901232113502735e-01
4.013343717147718204e-01 9.311218018362606985e-01
1.666758328401116263e+00 -8.024065624356389037e-01
-1.105333227999393930e+00 4.603274716007267342e-01
4.977267292265521448e-01 8.502175329987229357e-01
1.256937237523242157e+00 9.778236105973916459e-01
2.245362075039125216e+00 -8.413602090503307096e-01
-1.225811827550365329e+00 9.949781151675478608e-01
2.992291515778310984e+00 -4.168299254190036551e-01
-4.438491705758669248e-01 7.843418998140938569e-01
1.056555329271345656e+00 -4.074885637836813679e-01
-4.325960301644056205e-01 -7.164509020391581773e-01
-9.003143578688295179e-01 9.124117144654374512e-01
1.541736570019219377e+00 -6.770460051683846459e-02
-6.780833664167770780e-02 -8.272499655608303581e-02
-8.291448264508116672e-02 -8.222753084467949725e-01
-1.163802746225177431e+00 -1.214624713583948717e-01
-1.220651323930954102e-01 -6.682921616096346717e-01
-8.076505738921092581e-01 -9.343473785621001504e-01
-1.691573873026789077e+00 1.565357190539047039e-01
1.578334059112450616e-01 -9.875281974201921553e-01
-2.535588365625685014e+00 2.850729154757583594e-01
2.931950907365080683e-01 -5.593172007256621558e-01
-6.318389859820972010e-01 -7.632791456212456582e-01
-1.004024444058689625e+00 -8.222907248199287089e-01
-1.163850349568237297e+00 -5.706290790861278106e-01
-6.484551712640868049e-01 -8.184834513085997854e-01
-1.152205668643155434e+00 6.334950901305919091e-01
7.472326537107673028e-01 -8.714015381699052876e-01
-1.338874031965310074e+00 -5.522596657668328302e-01
-6.216267719381235457e-01 -7.939280466995862762e-01
-1.081968769198631719e+00 -4.004393230689243244e-01
-4.241720433308221461e-01 -8.278795593700339905e-01
-1.181358697650612966e+00 -7.060336805510366576e-01
-8.792306345938413203e-01 -9.120021524414599901e-01
-1.539296932373796833e+00 -3.529663882238971984e-01
-3.688282710545952581e-01 -6.513172255802796018e-01
-7.775830069536047162e-01 -3.202615104864460771e-01
-3.319384800027863625e-01 -8.686309566388502601e-01
-1.327475422770539204e+00 -5.917338138731410568e-01
-6.803298857165723801e-01 -8.478380862441999843e-01
-1.248413228358489224e+00 -7.224400116673487249e-01
-9.127300459837437430e-01 1.808208546580038489e-01
1.828311592701771793e-01 -9.109803867322067150e-01
-1.533257480792831196e+00 -7.794059795419880921e-01
-1.043855433795168430e+00 -2.937799020081263146e-01
-3.026982134860488616e-01 -9.787229692803517400e-01
-2.266289414856337725e+00 -1.706341302773519142e-01
-1.723197381276540818e-01 -6.906028599912786836e-01
-8.491073858841862165e-01 -7.481094164447446015e-01
-9.686476742474795509e-01 -9.417318862566305127e-01
-1.753140284516309766e+00 -9.235027747012214405e-01
-1.612324347574046968e+00 3.939713404922138840e-01
4.164923770265763769e-01 -8.555631196275325090e-01
-1.276550449708107271e+00 -4.890509446119778447e-01
-5.348121783779948846e-01 -8.481917412621694519e-01
-1.249672367022211183e+00 -5.728332746017782418e-01
-6.517297554125328629e-01 -8.960268908314155123e-01
-1.451691782810768716e+00 -1.255277559979221247e-01
-1.261933832013286683e-01 -9.588445763291604251e-01
-1.931377177819352475e+00 -9.924566976550480701e-01
-2.788231807419057073e+00 4.911027453598797998e-01
5.375125419366473256e-01 -9.921673605051618550e-01
-2.769339448750635757e+00 -3.424289114689618163e-01
-3.568414974919261740e-01 -9.704189586637770315e-01
-2.099433903883122454e+00 -4.711992577334770532e-02
-4.715484556358540136e-02 -8.010296379571970604e-01
-1.101478961127755340e+00 5.273327710990766137e-01
5.864432991564232367e-01 -9.749885087500356207e-01
-2.184491244851903158e+00 4.148868201533311567e-02
4.151251160230295945e-02 8.594074197620410471e-01
1.291073459285169367e+00 -9.864079443344858644e-01
-2.492298876863008772e+00 9.035057729570039609e-01
1.490984712731405315e+00 3.558864854514861426e-02
3.560368493029464343e-02 1.864301168864632430e-01
1.886361741888206156e-01 8.473409643503564126e-02
8.493776774110084471e-02 3.041989217061552564e-01
3.141402328691912382e-01 -4.689126789918269256e-01
-5.086756389292332869e-01 -9.161659008516022107e-01
-1.564620853032375525e+00 1.488661414852570086e-01
1.499806796467778036e-01 -9.419942247759159892e-01
-1.755464048287318279e+00 -5.882704066550343835e-01
-6.750170507698045608e-01 -9.860350684362260143e-01
-2.478673101720101801e+00 -7.396860423124712591e-01
-9.497857541850199814e-01 -9.864768933896413960e-01
-2.494859060137330165e+00 -5.429191065268761385e-01
-6.082855199352465991e-01 -9.453650749000832576e-01
-1.786265802756256793e+00 -8.658780937290577739e-01
-1.316368957169358200e+00 1.922838495694350613e-01
1.947076251407300895e-01 -9.977535458168553806e-01
-3.395212773305058107e+00 -5.521172013402780854e-01
-6.214218130824566977e-01 -6.972936726618780279e-01
-8.620135927334487969e-01 -9.652730003868694730e-01
-2.017934487456973791e+00 7.799204678259712420e-01
1.045167485192951329e+00 -9.954401166864907946e-01
-3.040661440402472770e+00 9.305537313483902562e-01
1.662504403772456563e+00 -9.642634647436857387e-01
-2.003349532463947646e+00 4.919188504334312539e-01
5.385886057162182494e-01 4.726786168913615915e-01
5.135140060874112677e-01 -8.282884677315252575e-02
-8.301904935530740604e-02 -6.979890484936375206e-01
-8.633683186083146444e-01 4.107105493972857402e-01
4.364656510359503638e-01 4.518546040648249718e-01
4.870282413115614717e-01 -9.650401238384751501e-01
-2.014533467430264846e+00 8.976940245605889990e-01
1.460213337290510838e+00 -9.185554246977567505e-01
-1.579702533804125286e+00 3.780173393477033184e-01
3.977444094447683542e-01 -8.811836484631537791e-01
-1.381038710649543866e+00 -4.065922770060826918e-01
-4.315217553635102288e-01 -8.834420982102015873e-01
-1.391234062229499191e+00 6.682574671909259634e-02
6.692548824706540112e-02 -3.407925703326399325e-01
-3.549889696138879835e-01 -7.697637026138791638e-01
-1.019747576919206589e+00 -1.536617738044543657e-01
-1.548886197754340555e-01 -6.500216282995856520e-01
-7.753361587183418280e-01 2.934117543055378419e-01
3.022953385586060193e-01 3.459225282435902660e-01
3.608045743689710649e-01 -1.296240582804164820e-01
-1.303574646664459602e-01 -1.775318083306550998e-01
-1.794330149103650074e-01 9.591641383060320880e-01
1.935356271390477945e+00 -3.053089954935318540e-01
-3.153639605078907282e-01 -2.111218227846404227e-01
-2.143452139598463480e-01 5.259714998467384106e-01
5.845595442492854676e-01 8.963084792635119813e-01
1.453122012484436620e+00 -8.564764250226295506e-01
-1.279968133829689325e+00 7.142765362965920461e-01
8.958609964703694306e-01 6.414884788178297770e-01
7.606989607567129497e-01 -6.997642056708865133e-02
-7.009097515256157429e-02 9.545241247652385130e-01
1.880360028812113615e+00 1.630893578183100767e-01
1.645588391550182328e-01 8.017317344860266370e-01
1.103441283045226928e+00 8.565376768084315140e-01
1.280198061689505895e+00 9.125771466222329931e-01
1.542725087106983750e+00 2.622331670610440063e-02
2.622933011651840118e-02 9.709768338946849209e-01
2.109095105648580493e+00 9.263055979036789456e-01
1.631716204233268019e+00 2.916126557247569751e-01
3.003278983986568118e-01 -9.447616912068973472e-02
-9.475877426171654128e-02 9.254208154699647970e-01
1.625519193871713064e+00 9.812929381560353548e-01
2.331301909179244625e+00 -2.458262432336436876e-01
-2.509657249328911544e-01 9.678100813929683133e-01
2.056511626403943360e+00 -5.593841518441253768e-01
-6.319364223163015382e-01 -4.190409094047070071e-01
-4.465280820852360333e-01 3.158508230122408222e-01
3.270313801158156730e-01 9.381095105560121050e-01
1.722050886920197144e+00 -9.454461313552918744e-01
-1.787028987095227173e+00 -3.524167720662649966e-02
-3.525627785859136026e-02 -2.923537859952327067e-01
-3.011381019791600777e-01 4.151775142842888400e-01
4.418509480186484373e-01 -2.141283391879140185e-01
-2.174940921571966168e-01 -9.850481860783769639e-01
-2.444282921451288448e+00 7.060356462678264444e-01
8.792345541507398110e-01 -9.915394518965930937e-01
-2.730624626705311808e+00 8.329207099951666526e-01
1.197598749879055235e+00 -9.937100031529835231e-01
-2.879395967887228736e+00 1.980763605696521032e-02
1.981022712573876632e-02 -8.073583181775099149e-01
-1.119394836485075651e+00 8.712624066558239955e-01
1.338296196664945148e+00 -7.579637208066896115e-01
-9.914119062304032060e-01 -7.400611657327312021e-02
-7.414167046616784718e-02 -2.488427174255259389e-01
-2.541787573502018449e-01 1.143680362469213230e-01
1.148706330340321102e-01 9.116852630017571180e-01
1.537416739027066104e+00 -2.908847965134847557e-01
-2.995325751960584704e-01 8.059837727958181208e-01
1.115459473913021915e+00 3.826808964078202702e-01
4.031967481061397574e-01 9.805028378575855186e-01
2.310418563069862152e+00 3.369792973798797168e-03
3.369805729119004778e-03 9.144515215206854286e-01
1.554051616917686562e+00 8.864249252429189374e-01
1.404987336479945004e+00 9.596660515265555969e-01
1.941667923806836171e+00 9.450985186495698409e-01
1.783763788088324365e+00 8.177702907742259164e-01
1.150048942096109528e+00 8.073680694603497798e-01
1.119422844159577046e+00 9.873861001130392889e-01
2.529888082608959810e+00 4.268353979077809113e-01
4.560206616636476307e-01 9.868709461062319388e-01
2.509744331221010150e+00 6.822833425918055361e-02
6.833450098122950678e-02 9.943626041512506619e-01
2.934328775836404279e+00 -4.415342830606542313e-01
-4.741350336253433717e-01 7.889105467610159073e-01
1.068540043906541115e+00 -7.443004364719989219e-02
-7.456794560796492499e-02 -1.700585953579351051e-01
-1.717270032792460599e-01 4.628919662202126140e-01
5.009856498951468229e-01 -8.151280850994366833e-01
-1.142124040554239883e+00 3.603449611064979963e-01
3.772822825640879119e-01 -3.085301425408278342e-01
-3.189200987905335127e-01 -8.395698291580495631e-01
-1.219714129753245890e+00 -9.000038125522085153e-01
-1.472239556009866890e+00 -4.782913381951167109e-01
-5.207664428301470583e-01 -7.180090134222226750e-01
-9.035231205277910460e-01 -9.824324023692108110e-01
-2.363011847113508423e+00 -8.305647560069424618e-01
-1.189954497789938781e+00 -5.771195276811861286e-01
-6.581329053350425395e-01 -9.658242760032689223e-01
-2.026075673930995080e+00 1.667552095690474634e-01
1.683271923928437164e-01 -6.592494839922892202e-01
-7.914850380663299712e-01 -9.195226470133274210e-01
-1.585927998638652969e+00 5.780923401907549497e-01
6.595927712252122044e-01 -9.658906647018639102e-01
-2.027064788428651898e+00 -4.339984123710635133e-01
-4.648125154142166426e-01 -7.978456839185027460e-01
-1.092656519042376040e+00 -8.354039022509359702e-01
-1.205762633001434603e+00 -6.256744128838857000e-01
-7.342760297449405504e-01 -8.016886956845389323e-01
-1.103320814161013574e+00 -9.807758073865091575e-01
-2.317537175523231685e+00 -9.237950759641112564e-01
-1.614314517840292229e+00 -8.683876269471010323e-01
-1.326485035851838301e+00 -8.522696623945487104e-01
-1.264389221016620990e+00 -9.726601811282068466e-01
-2.139397025168745081e+00 -9.414821224516898290e-01
-1.750937317174793950e+00 -9.149726396557197328e-01
-1.557242761513666807e+00 -8.968277199299218294e-01
-1.455768967849752737e+00 -9.474126385132103367e-01
-1.805890551754720796e+00 -8.539101928327247348e-01
-1.270415377543562263e+00 -3.887072669732750674e-01
-4.102763101982410676e-01 -9.891541706806731282e-01
-2.605842087974330479e+00 3.860673154074955038e-01
4.071702293814106755e-01 -9.903057427028838511e-01
-2.662254933250931543e+00 -9.341331662661155333e-01
-1.689889747957349142e+00 -3.352985869518768647e-01
-3.487861347877244667e-01 -9.722943011643624400e-01
-2.132657318898649734e+00 -6.997750960621137439e-01
-8.668596756393431857e-01 -6.418749948561234264e-01
-7.613560277372585228e-01 -8.769893924645806305e-01
-1.362576896733541432e+00 -9.433493311940144288e-01
-1.767632214741311714e+00 -4.027248426632359379e-01
-4.268970164498553377e-01 -9.320031690866090734e-01
-1.673425777604920395e+00 -8.854594781024190953e-01
-1.400499080859582968e+00 -9.480806800482394214e-01
-1.812454462949422584e+00 -3.627942605052213998e-01
-3.800999444344352884e-01 -7.902910132454865622e-01
-1.072206335286050916e+00 -8.105337008769026852e-01
-1.128582887745807284e+00 -8.601113984142062519e-01
-1.293772626811649396e+00 2.717060117092199301e-01
2.787048987839645386e-01 -9.784952168443211695e-01
-2.260908230254202955e+00 -2.217073224131348996e-01
-2.254509791557011700e-01 -1.867392289997223676e-01
-1.889564358430427526e-01 7.269006492939664721e-01
9.221239487985941619e-01 -6.601844149959821273e-01
-7.931404475692701572e-01 4.234462097537318170e-01
4.518837392399302488e-01 -4.120168456870995644e-01
-4.380380249974042961e-01 1.245699596037089379e-01
1.252203715335703238e-01 -1.651707839010156387e-01
-1.666978892827365999e-01 4.702614330519511165e-01
5.104059473172476435e-01 2.944381619162840247e-01
3.034188046545612805e-01 -7.336604454904602779e-01
-9.366091506070497452e-01 1.978735201351339637e-02
1.978993512902543772e-02 -8.313657470033345431e-01
-1.192542545540273835e+00 5.471766953816264989e-01
6.143425343885173806e-01 -4.782053088870585333e-01
-5.206549016635878546e-01 6.308671111591553915e-01
7.428552054113775061e-01 -9.301927926904001165e-01
-1.659818954236719879e+00 8.938149885399561123e-01
1.440582811115084239e+00 -6.790556704687035205e-01
-8.273595668048456808e-01 9.390083091441432384e-01
1.729597150544490702e+00 -5.474348785681559804e-01
-6.147111272104170965e-01 8.687077292281873975e-01
1.327788252214128439e+00 7.150611612447745902e-01
8.974647325589052427e-01 8.013862477749162938e-01
1.102474895036562375e+00 9.010960695791750963e-01
1.478018449173801319e+00 8.929902132472582466e-01
1.436496342984035390e+00 9.010946859323077929e-01
1.478011090411586625e+00 9.539284593847856542e-01
1.873700900202071029e+00 9.975045904078103653e-01
3.342600547389096288e+00 4.733237975740952619e-01
5.143451355434738304e-01 8.909981582378893039e-01
1.426747657854754436e+00 9.161554642473915822e-01
1.564555888015470186e+00 9.724961675042281817e-01
2.136364875654777951e+00 1.348525908248892624e-01
1.356790689557459406e-01 9.760539025014313141e-01
2.206525894820886791e+00 3.168193050705018221e-01
3.281075525853356378e-01 9.564078698199791617e-01
1.901994358827628684e+00 9.520151422001187358e-01
1.852866012790473249e+00 -1.314323689521957883e-01
-1.321971191991181960e-01 9.476529167453134894e-01
1.808242037325357154e+00 9.656117347417544350e-01
2.022921705638102807e+00 5.178359368753514547e-01
5.733782187893944338e-01 8.665343272485925841e-02
8.687130340904543335e-02 7.498125435212116274e-01
9.725267401968713532e-01 8.582514209962125440e-01
1.286668155204032882e+00 -3.268756698811615125e-01
-3.393261422922154713e-01 -4.321397914746858970e-01
-4.625248429107546855e-01 8.444988163063978925e-01
1.236654765763220531e+00 -4.696427354204941729e-01
-5.096118747698813456e-01 -4.347898166687595989e-01
-4.657879901901385566e-01 1.645621876646660431e-01
1.660722885989237008e-01 9.737246241645450273e-02
9.768196736318893181e-02 -6.285356169279131544e-01
-7.389917546049903363e-01 1.854070107252686339e-01
1.875764373636640281e-01 9.622145630425820162e-01
1.974952615390024313e+00 -5.370631305853991178e-01
-6.000190614813005752e-01 9.372219023382563075e-01
1.714701983677200392e+00 2.919046368955690030e-01
3.006470464462024372e-01 8.173394510378459987e-01
1.148749681907552667e+00 -5.872081404771291036e-01
-6.733941857607340653e-01 8.353372324491296075e-01
1.205541986053208836e+00 -2.815104294852645017e-01
-2.893217472462267237e-01 -4.152414116682828782e-01
-4.419281559681049742e-01 -8.105253478397094202e-01
-1.128558537841511278e+00 -7.632076048374273336e-01
-1.003853072283219516e+00 -8.286430733829006634e-01
-1.183790404771770000e+00 -8.087823841507696399e-01
-1.123498526235098494e+00 -9.767778911871178860e-01
-2.222059339754244522e+00 -9.635698158932154422e-01
-1.993560882761985509e+00 -9.787770530367185806e-01
-2.267575641326609492e+00 -2.333174234145135306e-01
-2.376950224224935182e-01 -5.407458427458595729e-01
-6.052090576573494474e-01 -7.598885302001534559e-01
-9.959512389492709561e-01 -9.392134149128953391e-01
-1.731334294497249182e+00 -9.819318272594850239e-01
-2.348837670020260671e+00 2.804105636865433793e-01
2.881276181686649451e-01 -9.711576717016779936e-01
-2.112266129510160795e+00 1.320911678072632101e-01
1.328675576721664309e-01 -7.779856702032257321e-01
-1.040247214057449909e+00 -5.648047261682015430e-01
-6.398607419282419384e-01 -8.507519260933099625e-01
-1.258868717495321032e+00 -9.740881035414985512e-01
-2.166579832506428716e+00 6.811212341111607671e-01
8.312026323633269209e-01 -9.307990407575497116e-01
-1.664337241281331758e+00 -5.999566564582837769e-01
-6.930794590277455924e-01 -4.646210468026752971e-01
-5.031884984895511614e-01 -9.052678914610756689e-01
-1.500662452532909530e+00 -9.746713664614010675e-01
-2.178110875283477910e+00 4.787621746995066596e-01
5.213771161290389200e-01 -9.573789102052951971e-01
-1.913506185083797551e+00 2.065833509651215094e-01
2.095997376656637823e-01 -8.866406560228978773e-01
-1.405995143791885615e+00 -8.546396796951450936e-01
-1.273115042904183536e+00 5.657475331515394723e-01
6.412462800414552300e-01 -9.914932234370059660e-01
-2.727888455650232302e+00 -3.169525487151050314e-01
-3.282556696563586618e-01 -9.918699378620502438e-01
-2.750630288600111051e+00 7.866880237064813874e-01
1.062681573671166113e+00 -9.844619806604795187e-01
-2.424906616353590838e+00 -9.096772932445319482e-01
-1.525650331225514522e+00 -9.758602381296635486e-02
-9.789757753211078550e-02 1.838247888747290837e-02
1.838454988241422505e-02 -9.586268234874251171e-01
-1.928683072952801503e+00 -9.568456519272382499e-01
-1.907152957818430750e+00 6.208878252043851242e-01
7.264485906762794265e-01 -9.933875976367732008e-01
-2.854321874605437959e+00 7.502091762038506362e-01
9.734333631099274520e-01 -8.826183260665084740e-01
-1.387494008837857118e+00 -3.030091229709423392e-02
-3.031019095572090594e-02 -8.976687347871281641e-01
-1.460083090518272453e+00 4.175216179195179733e-01
4.446866068897488145e-01 -8.168962146571634442e-01
-1.147415911297815061e+00 -8.157870269655144169e-01
-1.144090862986885337e+00 -5.242082195132365952e-01
-5.821250156574698797e-01 -9.548545830022346914e-01
-1.884091159493171075e+00 5.678119374969602395e-01
6.442877162563598326e-01 -9.868573604664134802e-01
-2.509223791483629284e+00 4.615101182929743501e-02
4.618381969082813177e-02 -9.951567772410656598e-01
-3.010448776446497110e+00 6.466974911175751295e-01
7.696011925101858830e-01 -9.610290991153953577e-01
-1.959204714265776026e+00 3.446558192558644151e-01
3.593663992069732194e-01 -9.129447266867698474e-01
-1.544927916568816340e+00 2.432195059813058863e-02
2.432674824341560238e-02 -6.294065811412545841e-01
-7.404328056214520837e-01 -9.570928181086330033e-01
-1.910088086533327623e+00 6.887980589320596980e-01
8.456651587533912107e-01 3.608173096906234223e-01
3.778252236942341580e-01 -8.724058910152283630e-01
-1.343062626822279171e+00 -2.068680763187134286e-01
-2.098971741235198529e-01 7.090375579544402340e-01
8.852457328678065007e-01 -5.666671338800729485e-01
-6.425998103275827322e-01 2.429713142426700723e-01
2.479294333420157814e-01 1.146143334843424955e-01
1.151202016762979119e-01 1.217327100980665905e-01
1.223394268451931388e-01 1.855403781363372251e-01
1.877145561283324326e-01 4.864466034303767672e-01
5.313948556492230635e-01 8.594387229376089232e-01
1.291193214968406000e+00 8.777196813106568074e-01
1.365748640451936780e+00 9.543110764103150956e-01
1.877968561713024620e+00 1.405207027100639217e-01
1.414567281300160850e-01 4.393951245396771066e-01
4.714809581831838070e-01 9.745259719191021741e-01
2.175212103903217731e+00 5.093456377089730092e-01
5.618457749601326601e-01 9.330048649996112164e-01
1.681105495599055200e+00 8.381468339588682426e-01
1.214911822933382179e+00 8.976828001918932820e-01
1.460155526062497877e+00 9.538707972987866546e-01
1.873060747286439121e+00 2.582111082002834235e-01
2.641907727272657658e-01 9.989537219527342415e-01
3.777570016874400416e+00 4.867236849352449823e-01
5.317578913424215736e-01 9.862581522822199132e-01
2.486781033585780953e+00 9.892925700136862011e-01
2.612298235163294180e+00 2.769287127805742377e-01
2.843526070007614814e-01 2.426578220390245844e-01
2.475962999518924179e-01 4.128840213295098538e-01
4.390829603051477070e-01 8.859473178327438303e-01
1.402762531800251011e+00 -8.846345557440166152e-01
-1.396692172706130108e+00 2.921676067835591306e-01
3.009345348092397066e-01 -2.515623787583984861e-01
-2.570800453961537002e-01 6.836089541447584184e-01
8.358580099594340451e-01 -8.691104986508165764e-01
-1.329432230704434836e+00 4.179279790321095006e-02
4.181715573060432178e-02 -9.372927075044067413e-01
-1.715284508604095093e+00 9.593646794063412919e-01
1.937868951375288695e+00 -9.870616325743107877e-01
-2.517107571900008889e+00 2.776773573709404586e-01
2.851636157605445532e-01 -9.189546434788733453e-01
-1.582263452612098886e+00 9.454860150148312048e-01
1.787404915019392249e+00 -9.903498116134059615e-01
-2.664544124956689686e+00 -3.700525627973229592e-01
-3.884840010991469361e-01 -3.632778807801637089e-01
-3.806569792331772062e-01 -8.242635028770715078e-01
-1.169972963391884946e+00 -9.691025044545704681e-01
-2.077329003059444457e+00 -2.346902381229114612e-02
-2.347333411110824608e-02 -9.521397872446845101e-01
-1.854198424444281068e+00 -9.924863673228273564e-01
-2.790209753906388812e+00 2.072901055014600147e-01
2.103381114793966833e-01 -6.030458015561874774e-01
-6.979199098641217791e-01 -7.113015056784780521e-01
-8.898133015732933027e-01 -7.299616292783306370e-01
-9.286452224764119023e-01 -9.409016185258657350e-01
-1.745852179049286246e+00 6.685287928045641898e-03
6.685387526074004771e-03 -9.596449987082348310e-01
-1.941401638962686249e+00 -9.052840755824255181e-01
-1.500752127480054599e+00 -8.070830335698007119e-01
-1.118604685008981470e+00 -9.061191901866972875e-01
-1.505399309733510771e+00 -9.534134210806418652e-01
-1.868010549994067571e+00 -4.404357835501029328e-01
-4.727713391888478389e-01 -9.746525475166860630e-01
-2.177734752659029827e+00 -9.944684841916845430e-01
-2.943835492751309069e+00 6.710339990395633447e-02
6.720439210953604858e-02 -9.938800024705124470e-01
-2.893138038281312774e+00 1.343955590550956203e-01
1.352136012066119386e-01 -8.767690042588364152e-01
-1.361623177145535157e+00 -9.194336170901911132e-01
-1.585351976691269593e+00 -8.874658236049635107e-01
-1.409866704286105499e+00 -9.619581646586097268e-01
-1.971505916455039475e+00 -1.658427109513731512e-01
-1.673887404923357081e-01 -9.674126700044415328e-01
-2.050275515323100262e+00 -8.026249497893741536e-01
-1.105946730030132219e+00 -9.501541557342000344e-01
-1.833364287250681235e+00 -2.569092296795933428e-01
-2.627963947674174516e-01 -9.937438882642589677e-01
-2.882105318712567588e+00 6.932415499622086863e-02
6.943552988644888235e-02 -9.831191252634575717e-01
-2.383122445629745734e+00 6.143861760911311087e-01
7.159368371028413947e-01 -9.870966640875925568e-01
-2.518472006913996974e+00 1.193110355925620092e-01
1.198820564810648137e-01 -8.992117405739588065e-01
-1.468086165391493392e+00 5.526820560356014017e-02
5.532458258239614235e-02 5.965089025249024068e-01
6.877100821037966938e-01 -7.137168905467183855e-01
-8.947193482063574566e-01 7.428133417069153477e-02
7.441840937999205652e-02 1.062566402889082717e-01
1.066592672692187604e-01 9.485031613399801387e-01
1.816648163341133326e+00 -9.558962003807316421e-01
-1.896028921994116878e+00 9.980772676270555088e-01
3.473096672830563669e+00 -8.395455200552313924e-03
-8.395652456386792917e-03 2.759934367437464897e-01
2.833399313290289045e-01 9.300673453548663483e-01
1.658888736398886010e+00 7.348313984687731004e-01
9.391498275571531495e-01 3.629400568283529249e-02
3.630995444153449492e-02 -5.599918865873979579e-01
-6.328213665040742786e-01 9.855312968518250560e-01
2.460826950005218006e+00 -5.917635723086994703e-01
-6.803756796565454401e-01 8.380060656341208336e-01
1.214438855346044122e+00 -8.418878264438311998e-01
-1.227620788461718737e+00 -4.184288933866844307e-01
-4.457859395566442506e-01 7.962916104660401340e-01
1.088395047096466284e+00 -8.340554463646397687e-02
-8.359975904963042048e-02 6.100413507842038507e-01
7.089872177575129442e-01 -9.022158623502634089e-01
-1.484006178398752596e+00 4.792870668299079040e-01
5.220583205954649753e-01 -7.359838549621604553e-01
-9.416596691586424095e-01 8.220812624660057688e-01
1.163203881088924918e+00 -9.272829644583262532e-01
-1.638645407967550760e+00 7.779441162135681820e-01
1.040141952958622440e+00 -9.546249023373467590e-01
-1.881495071635546523e+00 -1.220369286475720266e-01
-1.226482329933188398e-01 -9.272740497738577448e-01
-1.638581801875619526e+00 -2.136571846805137009e-01
-2.170003488253876012e-01 -9.443919115843067980e-01
-1.777187949766234176e+00 -9.810284941832351224e-01
-2.324216635343335113e+00 6.937087913138842987e-01
8.550698213493462818e-01 -8.831764316968360173e-01
-1.390025193971157647e+00 -7.581941027199180505e-01
-9.919535781441185529e-01 -5.367062858331903552e-01
-5.995177023600302135e-01 7.877366608654688962e-01
1.065438996969986007e+00 -8.402329577992971865e-01
-1.221965341039160879e+00 6.580046600710988125e-01
7.892865176592429588e-01 -3.943230873290979877e-01
-4.169088189707489400e-01 7.415004115280900976e-01
9.538041120751851176e-01 6.233491760701364015e-01
7.304640624782519076e-01 9.814111063410093649e-01
2.334500131278056223e+00 -7.025554509442006879e-01
-8.723288949568379635e-01 9.920328770488117121e-01
2.760793749856968571e+00 3.325844175336079012e-02
3.327071255116884063e-02 9.792578584791111762e-01
2.279154890708933401e+00 -7.954112239471125001e-01
-1.085993687397019514e+00 9.982910026154898642e-01
3.532070360923317942e+00 -3.060659928294142684e-01
-3.161989868019460803e-01 6.284189135303023255e-01
7.387988616314028478e-01 8.937418787305038137e-01
1.440219370214124606e+00 7.103910693509879470e-01
8.879729104821284524e-01 5.990525458762437916e-01
6.916680961913240777e-01 7.455286367340379083e-01
9.628122121671056632e-01 9.800509734321285471e-01
2.298848759479910964e+00 -6.744013911832692498e-01
-8.187728202714354975e-01 9.721989692102718239e-01
2.130915664230932371e+00 8.353893942248366011e-01
1.205714611059330643e+00 5.444031520053883577e-01
6.103922460628449231e-01 -2.443751480904891860e-01
-2.494218842207237830e-01 9.818905010329339600e-01
2.347684930619866606e+00 9.492129613309056857e-02
9.520792923622270476e-02 4.020597960954643280e-01
4.261034808860644230e-01 9.066339392390706520e-01
1.508283363388132292e+00 1.897510403365943177e-01
1.920788981830084952e-01 9.836610892781625370e-01
2.399575013698577841e+00 -6.852245335079502897e-02
-6.863000159786536436e-02 9.782989874026245536e-01
2.256316867125199632e+00 3.981682752452720964e-01
4.214702024302610650e-01 9.781741584328906836e-01
2.253417447645056360e+00 -6.476755194126171400e-02
-6.485834364634346372e-02 9.488514390320281766e-01
1.820130556983921677e+00 7.173891336473352531e-01
9.022447750709006176e-01 3.137549253617136213e-01
3.247049278420517382e-01 -3.409852377986061917e-02
-3.411174856421278490e-02 -7.255893848878341990e-01
-9.193491817964453139e-01 9.364386868604778202e-01
1.708300417662027115e+00 -3.380398326167670109e-01
-3.518778132504691292e-01 -6.556014733231587677e-01
-7.850600775872071946e-01 -7.251168464559392124e-01
-9.183519765390643075e-01 4.406834269865802511e-01
4.730786244805658125e-01 3.102086444293363776e-01
3.207762527181893253e-01 -9.867851264130786948e-01
-2.506465057435173005e+00 9.419237754217961722e-01
1.754839016470424173e+00 -6.939704846807720484e-01
-8.555744495103704272e-01 9.806691981819379844e-01
2.314745136303279160e+00 -7.943370025647752408e-01
-1.083075990191850524e+00 8.663212192622036234e-01
1.318142373163351921e+00 8.834207265895847039e-01
1.391136718918647208e+00 -2.330055939193590719e-01
-2.373652659477173410e-01 5.264938776858890668e-01
5.852819795117183421e-01 3.989154832079034874e-01
4.223585044808241262e-01 -3.475047904516194164e-01
-3.626030301806886236e-01 8.026259765684252701e-01
1.105949615924124441e+00 -7.094320134026045332e-01
-8.860394282338962535e-01 7.213815517213292283e-01
9.105195990928771632e-01 -9.573372082020634721e-01
-1.913006553700019818e+00 3.575216071159142417e-01
3.740413910370341544e-01 -3.228960337362709043e-01
-3.348768735543848907e-01 -4.317459001201669477e-01
-4.620406050480147520e-01 5.123357848704954698e-01
5.658917633801621161e-01 1.844505247298674350e-02
1.844714469176812408e-02 5.971205217480569649e-01
6.886600785762103660e-01 -4.116910983770361715e-02
-4.119239263387880490e-02 9.725020931480099495e-01
2.136474113290953714e+00 8.624104028878575301e-01
1.302675761503008012e+00 7.288659327819528855e-01
9.263037654114129049e-01 5.220799959050419492e-01
5.791948668658428723e-01 9.863112237031776974e-01
2.488729146240641121e+00 9.193629931832524305e-01
1.584895474901252710e+00 -4.999356845744356570e-01
-5.492203941098003916e-01 9.965532733384155906e-01
3.180876311301223058e+00 5.008772962322906031e-01
5.504765577107302299e-01 9.945059864054940357e-01
2.947246305349978446e+00 -8.476740102670037302e-01
-1.247829970824183787e+00 9.978784456033092942e-01
3.423846046657761821e+00 8.270673679873119521e-01
1.178782660463931986e+00 2.288192410480515138e-01
2.329431135912409800e-01 8.256046950507450743e-01
1.174170980469781078e+00 1.938943278301726580e-01
1.963804732789177221e-01 9.974890589836576948e-01
3.339494305238812633e+00 -2.789061234517989929e-01
-2.864955342115811376e-01 6.795229159885105563e-01
8.282271402146216266e-01 -2.917863649783504765e-01
-3.005177629637637571e-01 8.946105814507135934e-01
1.444553180343377097e+00 9.071377479494228124e-01
1.511120800693906752e+00 -7.670016811563719061e-01
-1.013004092730702688e+00 9.517382823854869667e-01
1.849918515460863944e+00 -3.659612093106193731e-01
-3.837517529128641747e-01 9.125765979146459594e-01
1.542721805430799398e+00 -8.453703142799915415e-01
-1.239701057330371281e+00 9.890960010848333095e-01
2.603152974394955077e+00 -1.356821099087988924e-01
-1.365240489062534701e-01 2.498888354345504270e-01
2.552942398608953889e-01 5.954341059125277669e-01
6.860432595542154122e-01 -8.629317570014277683e-01
-1.304713906672793744e+00 9.895446573217270281e-01
2.624273983639958008e+00 -3.798241780052176164e-01
-3.998541705461380324e-01 -7.201335267694819464e-01
-9.079222952657067802e-01 1.963028740244211479e-01
1.988843261905480220e-01 -3.331155044959290823e-01
-3.463285528490702148e-01 5.376132044374400953e-01
6.007924326157563222e-01 -9.530576756791656612e-01
-1.864115878116832103e+00 -2.442322803511778606e-01
-2.492699482907356490e-01 6.086713298640836767e-01
7.068080304188444352e-01 -6.572804490818855427e-01
-7.880103886492666465e-01 -1.218592314941553539e-01
-1.224678533534860891e-01 -6.363159503482385126e-01
-7.519585634765501014e-01 3.181877507723065435e-01
3.296294153152977136e-01 4.839639737193508068e-02
4.843423542360197898e-02 -9.305909271698228347e-01
-1.662781911762425402e+00 6.813939921222208485e-01
8.317116155692990676e-01 -9.136896502599382019e-01
-1.549419446652145371e+00 -3.395694301249664870e-01
-3.536057597977545486e-01 -9.347904982442775124e-01
-1.695074569598351566e+00 5.049330808813948801e-01
5.559053840469209140e-01 -5.241131243135270512e-02
-5.245938202559248531e-02 -5.932313895417848926e-01
-6.826375271064430983e-01 3.164345274989888157e-01
3.276799019126012125e-01 -8.552604576380774537e-01
-1.275422252988269056e+00 5.753260204922662213e-01
6.554478797350499208e-01 4.327860615215543549e-01
4.633197867286645844e-01 1.171092292259473117e-01
1.176490458852644805e-01 5.807481577842947829e-01
6.635908683819200515e-01 8.342170560395048007e-01
1.201846815368773358e+00 9.235165142894097290e-01
1.612417731616400784e+00 1.131968791187773077e-01
1.136841145638617379e-01 9.909639169011021931e-01
2.697574192903960277e+00 7.864260854667669554e-01
1.061994663008396511e+00 7.695469552003808555e-01
1.019215851901583925e+00 8.697394667135601720e-01
1.332008915202019361e+00 9.936964672254596787e-01
2.878317740891571663e+00 6.431239572956422290e-02
6.440128358488503291e-02 7.880345274915351306e-01
1.066224435171365004e+00 8.846811612908073164e-01
1.396906568905877277e+00 9.872762788218458763e-01
2.525526107748305105e+00 2.657470794037120609e-01
2.722821278567835179e-01 7.404860911701723891e-01
9.515547080962203363e-01 9.399040880324351921e-01
1.737225996477713030e+00 9.817182632950416377e-01
2.342908494924714091e+00 1.011865325800576781e-02
1.011899861922425925e-02 7.167297828113854408e-01
9.008875989314154564e-01 8.634313592455112873e-01
1.306673766509579782e+00 9.251048316444878683e-01
1.623323161365439082e+00 9.597878702083098013e-01
1.943211415329143321e+00 8.213726483646325294e-01
1.161021948414708627e+00 -4.240686355316475864e-01
-4.526423976164452023e-01 9.973364307971805953e-01
3.309951379189611576e+00 -3.505836504434800549e-01
-3.661090379547913831e-01 9.716186204438886920e-01
2.120438419207849368e+00 6.706898055252699109e-01
8.119958652038024027e-01 9.886926306356125238e-01
2.584889031496136802e+00 4.573261503834126218e-01
4.939250687920251348e-01 9.068193055765938482e-01
1.509325644509384334e+00 7.807299304409998086e-01
1.047237234060131250e+00 8.335300072380849024e-01
1.199591641973968947e+00 9.781953965154741582e-01
2.253909587839172168e+00 -1.541588831694008510e-01
-1.553977905882750754e-01 9.853639692451539034e-01
2.455035593832214147e+00 -4.653594893030184310e-02
-4.656958531247340494e-02 9.386883080268949575e-01
1.726898167542374019e+00 6.363445352673522404e-01
7.520065985903691130e-01 -5.876229630294308448e-01
-6.740275578248762223e-01 9.985201134133950829e-01
3.604098394094106705e+00 -2.299423209382107924e-01
-2.341285669030139793e-01 6.649946570118324685e-01
8.017153562456017513e-01 -1.611949487969001893e-01
-1.626132806030699540e-01 9.947891157671825413e-01
2.973772028799236189e+00 -6.409954762494063374e-01
-7.598616724986142490e-01 7.565273280863372973e-02
7.579755913799646194e-02 8.483967640461554938e-01
1.250403554996896816e+00 -4.853898597887776889e-01
-5.300114719683638453e-01 -3.083918284750338801e-01
-3.187672405401340003e-01 3.765305868492067609e-01
3.960109189271223684e-01 -6.674476023756622522e-01
-8.061259599561894085e-01 -1.902003513357479747e-01
-1.925450323291078569e-01 -8.927160485804398471e-01
-1.435144534071561839e+00 -6.715065984218087092e-01
-8.134819511272146642e-01 -2.928704251183127383e-01
-3.017031189113175138e-01 -9.784885013771722484e-01
-2.260750418592746946e+00 4.963019653174675083e-01
5.443875178289536709e-01 -7.581447441599934445e-01
-9.918374892838439649e-01 -9.001564998512389115e-01
-1.473043784259425282e+00 5.642628532199178704e-01
6.390653922564876188e-01 -3.322823151276567133e-01
-3.453916600843080498e-01 -3.307227781555946988e-01
-3.436395795515762575e-01 4.544030534031895940e-01
4.902351563727621042e-01 -8.897883296557828059e-01
-1.420908657144425380e+00 6.525801970840025001e-01
7.797796229576642313e-01 -4.128369285825411045e-02
-4.130717073326919953e-02 2.101658250530984984e-01
2.133448282009706709e-01 8.097790629993437683e-01
1.126386914623635604e+00 2.025376951068298681e-01
2.053773909102623030e-01 9.415233650784710084e-01
1.751300456122371063e+00 -4.407828644835054197e-03
-4.407857191666891827e-03 9.358970117220188900e-01
1.703917544077853563e+00 8.709702596305952671e-01
1.337084753708864815e+00 9.891724265649660675e-01
2.606688994410177873e+00 6.183119091303935777e-01
7.222675472528192753e-01 8.974717109416335825e-01
1.459069424625328182e+00 3.309074472013743828e-01
3.438469420699825640e-01 9.974729849550325600e-01
3.336299685522742919e+00 4.238816947743502539e-02
4.241358396008154674e-02 2.190502478099185246e-01
2.226582695816722857e-01 8.666360388824060346e-01
1.319405619868029067e+00 5.833738650398566650e-01
6.675619731022577330e-01 9.230364365740105770e-01
1.609164292793692663e+00 -7.036297326941878261e-01
-8.744534075505118187e-01 8.965966426443839898e-01
1.454589443556884243e+00 -8.658949895672412023e-01
-1.316436475570285758e+00 8.724834699855721354e-01
1.343387442103674001e+00 -4.748109154533149967e-01
-5.162633544264951801e-01 -6.160307739976644825e-01
-7.185829367288637526e-01 -7.602597314878127843e-01
-9.968302645303253051e-01 -8.166964012246240578e-01
-1.146815589297666360e+00 -7.597275035430668400e-01
-9.955702836741052719e-01 -9.798063170200557170e-01
-2.292692233741663976e+00 -6.127663206119754458e-01
-7.133389307958356573e-01 -9.731621474977149022e-01
-2.148789694028952812e+00 -6.648180078464382969e-01
-8.013987236855268925e-01 -9.503146573296806787e-01
-1.835018013878635168e+00 -9.052802923454303929e-01
-1.500731163556577652e+00 -9.766873420185006038e-01
-2.220090594453701716e+00 -2.704821839236767334e-01
-2.773839948999644589e-01 -7.471283835192176273e-03
-7.471422855740761371e-03 -9.911102645358488283e-01
-2.705775195747822881e+00 -5.305237257435335696e-01
-5.908737484574186904e-01 7.717676616389167465e-01
1.024684434057232085e+00 -6.602265001800524669e-01
-7.932150496593675104e-01 4.061479134845287775e-01
4.309894963542536539e-01 -5.051080832557597322e-01
-5.561403010029430938e-01 8.789240960015716198e-01
1.371018473974106033e+00 6.207769361445900635e-01
7.262681562688717563e-01 8.033851018954445422e-01
1.108086903153770564e+00 1.859561498124259749e-01
1.881451855682656493e-01 9.950748073005648564e-01
3.002036712683623598e+00 4.482167298319111870e-01
4.824664471858357007e-01 9.356562944084571010e-01
1.701981302071455149e+00 1.713249916965638164e-02
