-2.973848450279597544e-01 -1.223080201449487300e-02
-1.223141194806387499e-02 -2.486487276608495278e-01
-2.539719729146991400e-01 -6.446008025274191366e-02
-6.454958289612885980e-02 -1.956117437655804092e-01
-1.981655972334701588e-01 4.333913746939263012e-01
4.640648479831731565e-01 -1.148043444381170036e-01
-1.153127461759652361e-01 -5.262732201804072585e-02
-5.267598907574080891e-02 -7.096295237127346889e-01
-8.864371805598261211e-01 -5.897849227500632230e-01
-6.773362082702686360e-01 -6.428141750924549758e-01
-7.629549231784906738e-01 -2.172520295603373730e-02
-2.172862191024413359e-02 -5.344228580090324560e-02
-5.349325161085464325e-02 2.032073128504539028e-01
2.060757512787416423e-01 -1.923750527466845384e-01
-1.948023315672814115e-01 -3.009001034131636998e-01
-3.105090227532065761e-01 -3.591670808076802834e-01
-3.759292920357728551e-01 -7.796827196003826010e-01
-1.044560844471853267e+00 -3.902618020392077391e-01
-4.121088369048258593e-01 -6.427067674666452346e-01
-7.627719019915084608e-01 -1.988479691908792701e-01
-2.015328093319117553e-01 -5.902617519047506089e-01
-6.780676844813087190e-01 4.706659030609947059e-02
4.710139154734603595e-02 -2.372614317010862117e-01
-2.418701786953111332e-01 6.073809571274269015e-01
7.047608067622290751e-01 -2.003515453260981335e-02
-2.003783593165053833e-02 7.499302565546562931e-03
7.499443156063601013e-03 -2.203313479084699211e-01
-2.240043365401641062e-01 -2.067086636086164497e-01
-2.097306401836006584e-01 -6.265222992880393749e-01
-7.356705782973709251e-01 -5.963678679653741099e-01
-6.874911731439267149e-01 -3.915150878099663556e-01
-4.135881533559226386e-01 -1.612000815579047452e-01
-1.626185502951195405e-01 6.667823711884311721e-02
6.677731842724754507e-02 1.169546222804565411e-01
1.174922919638035079e-01 5.482235651471476512e-01
6.158380106690618527e-01 2.890503401370789760e-01
2.975297151983595234e-01 6.746362623193126185e-01
8.192037572444774707e-01 5.400363830058938497e-01
6.042069637965458151e-01 3.728857945616660396e-01
3.917707764691829020e-01 1.478367504488263262e-01
1.489281236982367973e-01 3.643195584141897259e-01
3.818575522967404545e-01 4.721661850186588683e-01
5.128543502685996014e-01 2.222478185197983291e-02
2.222844217995947891e-02 1.711658495096839983e-01
1.728674544181829087e-01 -4.815921717422173565e-01
-5.250551672483442234e-01 9.307468145132286041e-02
9.334485256512398133e-02 -7.585698918338662500e-02
-7.600299446552499782e-02 1.558226977797605162e-01
1.571025577959044295e-01 -4.985710376249373743e-01
-5.474026721929418082e-01 -3.551380139103812450e-01
-3.713111322831643135e-01 -3.384513302555335335e-01
-3.523424726106690330e-01 1.620090017316540842e-01
1.634491628188473045e-01 4.371058685721012638e-01
4.686474949403939272e-01 5.445778410372626999e-01
6.106405496304808667e-01 6.476727124031317340e-01
7.712792779936425980e-01 6.877503071953303682e-01
8.436742883717897046e-01 7.857587962079981558e-01
1.060248099489565554e+00 4.675588242669999062e-01
5.069416061018907627e-01 7.163895836409839291e-01
9.001883806696372448e-01 3.436721061870052218e-01
3.582505102554329190e-01 4.538919338858436459e-01
4.895912262799720360e-01 7.746356770675502657e-02
7.761907069876280985e-02 3.308328669511917952e-01
3.437631934325652283e-01 1.233471252027344284e-01
1.239784540109730437e-01 4.539922524178629515e-01
4.897175821316352984e-01 3.511655193777397654e-01
3.667726000174815759e-01 2.765415320676361532e-01
2.839333159998994605e-01 2.866434194093865906e-01
2.949053486906179633e-01 -1.627588050780792717e-01
-1.642192728770394683e-01 -1.661859276623841031e-01
-1.677416846133756856e-01 -5.296871268019924806e-01
-5.897101701505547133e-01 -1.828332185401491672e-01
-1.849123296736735755e-01 -5.506787732951030634e-01
-6.193549867019598754e-01 6.383231847151996097e-02
6.391922734789459715e-02 -6.136043697994092438e-02
-6.143762087806822758e-02 3.391475329835458297e-01
3.531289513976382799e-01 2.564234007845129226e-01
2.622763034958339734e-01 6.882439986159857304e-01
8.446116893238084788e-01 2.535735448522317692e-01
2.592282474567955686e-01 1.822810888514859728e-01
1.843411646876901289e-01 -6.145278369422972897e-01
-7.161644257277144376e-01 -3.688238974934284764e-01
-3.870611363714930864e-01 -5.487228301002654574e-01
-6.165520857677909694e-01 2.428977826996004119e-01
2.478512899979392059e-01 3.591132843015018561e-01
3.758675292640904497e-01 5.735577075856882479e-01
6.528086688637250168e-01 4.153407685865118104e-01
4.420482199185877814e-01 7.670692112716884781e-01
1.013168137499466548e+00 1.709326215556925821e-01
1.726271970511325526e-01 1.308703840021375325e-02
1.308778561852780298e-02 -6.333034748869718067e-01
-7.469126578263458605e-01 -7.105781868492102582e-01
-8.883507641236358943e-01 -8.647686238965608396e-01
-1.311952526836164035e+00 -4.183529062370452967e-01
-4.456938282325997869e-01 -4.180859858439036070e-01
-4.453703246274602900e-01 4.089435633048257857e-02
4.091717576894230574e-02 8.608787607448614709e-02
8.630149604278766762e-02 2.313748801180309234e-01
2.356416262883244128e-01 -1.512541110092378016e-01
-1.524236616077938589e-01 3.838949008640530902e-01
4.046198150756486478e-01 3.665036262066614370e-01
3.843781916742405880e-01 6.977817939671390191e-01
8.629642789671931880e-01 3.140644022011331860e-01
3.250482338069894395e-01 1.679337192798197875e-01
1.695396563053700734e-01 -1.817281867166573861e-01
-1.837693197802076628e-01 -2.597431935418139659e-01
-2.658330013867999386e-01 -3.628190637437450627e-01
-3.801285073749490206e-01 -5.484088280280313699e-01
-6.161029181624710915e-01 -3.597293601384248252e-01
-3.765749986388438053e-01 -7.395982038660727786e-01
-9.495918201591819763e-01 -7.026971581732843752e-01
-8.726087738350332135e-01 -9.136220447815367462e-01
-1.549010294213706729e+00 -7.434088542190777638e-01
-9.580568208030753041e-01 -8.983549110939733628e-01
-1.463627864345459439e+00 -6.034234998042667941e-01
-6.985136742835060808e-01 -8.081053820072437999e-01
-1.121544234518282668e+00 -6.929449717187730062e-01
-8.535989507248447072e-01 -8.996444856693472936e-01
-1.470351505065219833e+00 -7.661675009277013615e-01
-1.010981090597388610e+00 -8.159313227327681384e-01
-1.144522403290055168e+00 -2.142173576520412515e-01
-2.175873902036267737e-01 -1.519598596071337071e-01
-1.531460132585857059e-01 1.288889539361589287e-01
1.296098700401223658e-01 1.548765592694611448e-01
1.561330208801002817e-01 3.210993552936932671e-01
3.328723614680803577e-01 2.666959129609792756e-01
2.733033386934731190e-01 -1.484968722564032895e-01
-1.496030627420179837e-01 -1.913786153583250937e-01
-1.937678062519425926e-01 -7.014038389940452367e-01
-8.700584742674443151e-01 -5.966654914846885038e-01
-6.879532010608531145e-01 -7.932628923073216098e-01
-1.080172054681231231e+00 -6.629046090912130706e-01
-7.979775837168106012e-01 -6.643440548490157083e-01
-8.005498505799274467e-01 -8.073070303453068128e-03
-8.073245696322089993e-03 -4.212524769322939511e-01
-4.492137311264687849e-01 -3.200693073140903899e-01
-3.317243246440241267e-01 -6.610135475982523712e-01
-7.946115613525766008e-01 -3.855751457115647596e-01
-4.065919830623926368e-01 -5.473655320348717046e-01
-6.146121106689256264e-01 -1.558995856235068644e-01
-1.571813599565870800e-01 -1.372669257175879176e-01
-1.381389429551647119e-01 4.102468287664564062e-01
4.359079641952642858e-01 1.730169912104991825e-01
1.747750922977663324e-01 4.458451589683252170e-01
4.795025852623003293e-01 -6.225635090368993041e-02
-6.233697062856807802e-02 -2.644097253921090518e-01
-2.708437002038378005e-01 -7.121458270289225956e-01
-8.915243621816368869e-01 -7.174482789126847004e-01
-9.023666460745931595e-01 -7.955373716655299576e-01
-1.086337207634573199e+00 -6.408325799630680830e-01
-7.595852159240195078e-01 -3.655286800615903942e-01
-3.832524294718223645e-01 3.533255199149130110e-01
3.692385722635203038e-01 3.390411985850180221e-01
3.530088015726443595e-01 5.416054375125212150e-01
6.064246704448726932e-01 -1.139259462436164640e-02
-1.139308754897100373e-02 5.372916798664442023e-02
5.378095993293551674e-02 -6.411831261811864469e-01
-7.601802607824352798e-01 -6.088896825212287700e-01
-7.071549599014337328e-01 -6.859079671974085413e-01
-8.401867547663386393e-01 -1.054367882590539068e-01
-1.058301258829732888e-01 -4.624945607430751560e-01
-5.004799902253393995e-01 1.186566174934463730e-01
1.192182406154662783e-01 6.381074933500838209e-02
6.389756999691592609e-02 2.586153484959042848e-01
2.646239387283127464e-01 -5.133813951230878914e-01
-5.673105483498280810e-01 -4.999090460272287428e-01
-5.491848797227641965e-01 -7.276563334363016500e-01
-9.237281498404305013e-01 -4.220968091774421338e-01
-4.502406614590990785e-01 -5.522276410191041540e-01
-6.215806949509441459e-01 -1.176453375281007185e-01
-1.181926435785125851e-01 -3.439251442619304933e-01
-3.585374657536972709e-01 3.175822999544274383e-01
3.289559057244527684e-01 -3.076880236084422182e-01
-3.179896512742526604e-01 -2.105760736837721803e-01
-2.137740734910091311e-01 -7.089122682757458271e-01
-8.849938206762530957e-01 -6.496428378322747221e-01
-7.746804920212380097e-01 -7.542610845718021872e-01
-9.827666799357536176e-01 -3.309052488097587869e-02
-3.310261067448150296e-02 -3.889568287820953651e-01
-4.105703240737924586e-01 -4.156594627883098414e-01
-4.424334142005316717e-01 -6.924459580354921373e-01
-8.526396279929566724e-01 -1.428815424495486208e-01
-1.438659442317726800e-01 -4.080734411273116979e-01
-4.332975620095662617e-01 1.671730225846460582e-01
1.687569868010301843e-01 2.837415653508660318e-01
2.917465734082385076e-01 4.859772603054871576e-01
5.307802087062180041e-01 1.245098737523879229e-01
1.251593390568683239e-01 -3.890824138168081509e-02
-3.892789299779569195e-02 -4.259219092669957463e-01
-4.549042018753195471e-01 -3.899849121352984005e-01
-4.117822402105018598e-01 -1.591692617574249069e-01
-1.605342483297599876e-01 -3.719326047176487182e-01
-3.906641035573531484e-01 -1.163365173618751275e-01
-1.168656609643851652e-01 -1.838026927398090093e-01
-1.859155165315618807e-01 2.072038773082637841e-01
2.102480134575783755e-01 -3.544355752355053957e-01
-3.705075427989856784e-01 3.752114637444259326e-01
3.944747697976481726e-01 -2.398361354332658249e-02
-2.398821369891841748e-02 3.327038009836443266e-01
3.458655334224792766e-01 -1.226518208675864696e-01
-1.232724688882322478e-01 6.158110005524363162e-01
7.182288297861545434e-01 1.233179971287467203e-01
1.239488760286410474e-01 4.324108940782907529e-01
4.628582458487300877e-01 3.752794692139037602e-01
3.945539203965270914e-01 5.844977036995367969e-01
6.692672945134685580e-01 -7.786236733961234002e-02
-7.802029030779294994e-02 2.414367050595259412e-01
2.462991890958882990e-01 1.756135863366073135e-01
1.774530614040892851e-01 -1.208366711183867515e-01
-1.214300103053987945e-01 2.705008849667051019e-01
2.774041722309371627e-01 5.471791326817870837e-01
6.143460132822182729e-01 7.465511064418035581e-01
9.651180633191828173e-01 2.465303857000764043e-01
2.517152941533085109e-01 6.348162216116916001e-01
7.494424725141615173e-01 -1.607522006302397610e-02
-1.607660495809526413e-02 8.096018682633923658e-02
8.113777165879401676e-02 -3.232693465013078971e-01
-3.352936951782687913e-01 1.250739012057002775e-01
1.257322890858298126e-01 -6.126825881860914480e-01
-7.132048664080614664e-01 -9.359511769028792949e-02
-9.386986238875921762e-02 -3.577082849830814926e-01
-3.742554437784248456e-01 -1.078572000889756535e-02
-1.078613827867597186e-02 -6.413202340706969373e-02
-6.422016423655152462e-02 6.749685896235564364e-01
8.198139333239840010e-01 7.414573355912358332e-01
9.537084322258689850e-01 8.623757147124940792e-01
1.302540407915023124e+00 8.206217875447724408e-01
1.158718433860602470e+00 6.675042884543692656e-01
8.062281935837958269e-01 7.359116007076589583e-02
7.372444162957325631e-02 -2.619486503686318385e-02
-2.620085888992151890e-02 2.774616403755199578e-01
2.849298915203311577e-01 3.245406445863011635e-01
3.367140045112558266e-01 7.931754340174592688e-01
1.079936193034174874e+00 7.295085958531958292e-01
9.276761391834036363e-01 7.795392014604608510e-01
1.044194919753927087e+00 3.075703446015646825e-01
3.178596715423053221e-01 2.274381944632356822e-01
2.314862474597113307e-01 -2.996145821530312066e-03
-2.996154786935539740e-03 2.692702395367474466e-01
2.760768465448494302e-01 5.137453500970394771e-01
5.678048827079325012e-01 5.535398564951372613e-01
6.234706261868154797e-01 5.141257554319643708e-01
5.683218289377158783e-01 4.030136215718745918e-01
4.272417462578866898e-01 2.690036024875429033e-01
2.757893874879638885e-01 2.358424800553225453e-01
2.403671203611398022e-01 -1.396092346293068553e-01
-1.405270207996248688e-01 -2.003851509365501549e-01
-2.031337851625463764e-01 1.958217084990806489e-01
1.983839250218893402e-01 -2.019235755034877733e-01
-2.047370845259879613e-01 3.860652829969011268e-01
4.071678409874078253e-01 1.823861172778080131e-01
1.844498049175376797e-01 5.960260779860732105e-01
6.869608955296353514e-01 6.214098654796448296e-01
7.272985782171562663e-01 8.123155211430267419e-01
1.133799175581282181e+00 4.533828690356320745e-01
4.889502586690438468e-01 4.736495790306661235e-01
5.147650596422670422e-01 6.666474281924952283e-01
8.046843277629660562e-01 5.175647138630096178e-01
5.730076886430659489e-01 5.741585073735129274e-01
6.537044667275939691e-01 3.871536838640676215e-01
4.084475102594475882e-01 7.060682415456029926e-01
8.792995509311231084e-01 1.438548870313632044e-01
1.448597153116329417e-01 3.686402133444573459e-01
3.868485479987480713e-01 -1.211033483620634899e-01
-1.217006479932137564e-01 5.191498442201771812e-01
5.751752246136832003e-01 4.037719626184909510e-02
4.039916030720425155e-02 2.453479801008468519e-01
2.504567648643139521e-01 -1.604520225613947360e-01
-1.618506289590313507e-01 5.442983963762324517e-01
6.102433782580817256e-01 4.626280490092057329e-01
5.006498146229121371e-01 6.372271386759608136e-01
7.534912043593131603e-01 -1.179195209659312515e-01
-1.184706841923848231e-01 2.550634811595247076e-01
2.608212138724722573e-01 2.289828907840257555e-01
2.331158119803213580e-01 6.569449207044973926e-01
7.874198805959986558e-01 6.996695256741990443e-01
8.666528325188085358e-01 7.543091677859617983e-01
9.828782279553699430e-01 3.274907038862086561e-01
3.400149078856666840e-01 4.200440338263278783e-01
4.477454897916096632e-01 1.956343125569769137e-01
1.981890640621296606e-01 5.686720273167259615e-02
5.692862249632978794e-02 -1.128770006688461086e-01
-1.133600960126605606e-01 -2.769379339642292770e-01
-2.843625941169894977e-01 1.861900483450040222e-01
1.883874728631386719e-01 -1.379459730491914837e-01
-1.388310966152121739e-01 2.952885676960674832e-01
3.043501891846281393e-01 1.421825905351499324e-02
1.421921728557185016e-02 6.446141087872273023e-02
6.455091907418031294e-02 -1.975160730774143947e-01
-2.001464626711932371e-01 2.958013658882751584e-01
3.049120655081070108e-01 -3.799462753148629135e-01
-3.999968597295964212e-01 -4.474150816447163836e-01
-4.814637111168572625e-01 -7.900567503047001283e-01
-1.071582673881541714e+00 -4.522614686256786198e-01
-4.875396067144162071e-01 -6.181707508998250944e-01
-7.220390536676425386e-01 -4.930830234341769813e-01
-5.401255842907156657e-01 -5.816596795324224800e-01
-6.649673698589810833e-01 -6.954973852204417994e-01
-8.585258725692757054e-01 -3.744192095927262875e-01
-3.935530224775989905e-01 -3.138903604285372961e-02
-3.139935104980823288e-02 3.443081999405705473e-01
3.589719743316840961e-01 -2.984359955865830138e-01
-3.078018020528356935e-01 -6.215280192628304910e-03
-6.215360225969374791e-03 -6.602051378396308623e-01
-7.931771808955720982e-01 -6.724007018894019305e-01
-8.151121048575763472e-01 -9.009277202576616572e-01
-1.477123818828810942e+00 -8.160673400433936520e-01
-1.144929463934811098e+00 -9.202188217868767506e-01
-1.590453406781714429e+00 -8.095661343232187779e-01
-1.125768709120904987e+00 -8.662510907072331623e-01
-1.317861351184349994e+00 -3.018126577683314937e-01
-3.115127295051333678e-01 -3.162778752365912743e-02
-3.163833979500296767e-02 6.722514876438225873e-01
8.148398049648790664e-01 7.725817411231853393e-01
1.026700750723077871e+00 9.034420400223028835e-01
1.490637838311773100e+00 5.100252067745640883e-01
5.627638377567152350e-01 3.084152602725794279e-01
3.187931352551367503e-01 6.105518291843984452e-02
6.113121891104889016e-02 -1.886738209192744542e-01
-1.909616807562985463e-01 -3.373114027982611063e-01
-3.510556346022216112e-01 -5.038002311626615937e-02
-5.042271210933518821e-02 7.555196773901680374e-02
7.569621481297594823e-02 -1.628391836812599636e-01
-1.643018397935799291e-01 8.196410340880244672e-02
8.214839490622344309e-02 -1.383045456021230191e-01
-1.391966432864309156e-01 1.748100559830343403e-01
1.766240820107652099e-01 -3.392622387202352541e-01
-3.532585711809217432e-01 1.305516365552339686e-01
1.313010104962765989e-01 -4.132531125303931518e-01
-4.395279839619332107e-01 1.747181461960784221e-01
1.765292766312817063e-01 -1.197577847404022872e-01
-1.203352815317837166e-01 4.780841000718547701e-02
4.784488437695821883e-02 -7.139291479718117284e-01
-8.951521232804724448e-01 -2.409160398342218290e-01
-2.457463684667297310e-01 -2.545269546174064867e-01
-2.602474373980255828e-01 1.277869693331073198e-01
1.284894309761443754e-01 2.376698320950807186e-01
2.423029850131379059e-01 6.209628567830645096e-01
7.265707021072136396e-01 1.654197743184145641e-01
1.669538738473732020e-01 4.957945751426603292e-02
4.962014166358000300e-02 2.001507906918879309e-01
2.028896326273378903e-01 8.059403241793247630e-02
8.076921241870300971e-02 -2.848283930960145843e-02
-2.849054550566315624e-02 -4.977123625111249394e-01
-5.462605963249084207e-01 -3.685652230118434680e-01
-3.867617668940755982e-01 -5.733150981522074918e-01
-6.524471968243927833e-01 1.150277425702390111e-01
1.155391339170042109e-01 2.105425545993768466e-01
2.137389993883864747e-01 5.740097689640925038e-01
6.534826106248708966e-01 4.410340710423777399e-01
4.735138592177152161e-01 6.003592362309373431e-01
6.937086763325476246e-01 5.165356629139804950e-02
5.169957877676004121e-02 2.153398815386356815e-02
2.153731760779917237e-02 -1.865248361031469904e-01
-1.887343058201415014e-01 2.238280851852067141e-02
2.238654749778751230e-02 -4.788109591999885062e-01
-5.214404098700676782e-01 2.850907969989651125e-01
2.932145540778696713e-01 4.164581861631779791e-01
4.433993450823298654e-01 6.642692003495447306e-01
8.004158700156525086e-01 3.861409702104963704e-01
4.072567880382096939e-01 7.697540452506839159e-01
1.019723876197793366e+00 6.764338927262546486e-01
8.225103450983639597e-01 8.773263972966230950e-01
1.364038361430652380e+00 3.200262891089444284e-01
3.316763972026163243e-01 2.507362693744114024e-01
2.561983202694329553e-01 -3.484880700951494270e-01
-3.637217939522397470e-01 -4.314131357832644009e-01
-4.616316725829515688e-01 -7.840048548966851438e-01
-1.055680051716435530e+00 -6.227284694360385453e-01
-7.294495417272626181e-01 -6.664035935007187605e-01
-8.042455739239868784e-01 -2.921069614335466968e-01
-3.008682307967787128e-01 -9.942401637648107249e-02
-9.975357987286920247e-02 4.241443962649659727e-01
4.527347736970809833e-01 6.322669970883134649e-01
7.451839920126708261e-01 7.722679915774243176e-01
1.025922910269485566e+00 8.697966156434855378e-01
1.332243609643708027e+00 7.320252162747262759e-01
9.330768812798738709e-01 6.263939192960957802e-01
7.354592706801543756e-01 2.634856696863996373e-01
2.698504459870828542e-01 1.103531761617047580e-01
1.108044317998417294e-01 -4.052169312346193819e-01
-4.298751102742915942e-01 -4.109939118863424889e-01
-4.368065585691929820e-01 -1.575792200236517393e-01
-1.589032980699190134e-01 -4.662022235656217983e-01
-5.052068719586446655e-01 1.370385417503712233e-01
1.379061805224441328e-01 -2.182955940520691085e-01
-2.218657176522705332e-01 1.264206406446971021e-01
1.271006660359817741e-01 -3.396309164941621050e-01
-3.536752617018845135e-01 3.601156737209913472e-01
3.770188047453064129e-01 -5.475964608449773036e-03
-5.476019343870021372e-03 1.787534022911350939e-01
1.806946466643352678e-01 -5.305570906999874659e-01
-5.909201836815063391e-01 -6.073745771157216256e-01
-7.047506972865928976e-01 -7.093035002141189205e-01
-8.857807449275645340e-01 -3.677659207624730531e-01
-3.858371344368095035e-01 1.252000353390394227e-01
1.258604298083462747e-01 -1.223594900018249061e-02
-1.223655970414139205e-02 2.844900813595606648e-01
2.925608166492339457e-01 4.025112060582154705e-02
4.027287941534142546e-02 8.308317452723965046e-02
8.327513944591363737e-02 -4.600627990863871974e-01
-4.973909443295284616e-01 -1.791515616366278763e-01
-1.811059785029987546e-01 -2.905482884500112939e-01
-2.991650012046532803e-01 1.436013342060963871e-01
1.446008141645697409e-01 -3.132326972389434805e-01
-3.241257822120302001e-01 -2.190473877932625768e-01
-2.226552654180836699e-01 -1.128427340479079138e-01
-1.133253872946411167e-01 2.827775995939450504e-01
2.906985155835897228e-01 6.109365565380699969e-01
7.104142884662303370e-01 4.359897231259773909e-01
4.672685601225797791e-01 7.811218319448951508e-01
1.048241711332211112e+00 4.483553553458998753e-01
4.826399373487497702e-01 5.630358456106827614e-01
6.372670494241726713e-01 -1.959939011080470417e-01
-1.985629901264418795e-01 4.478689956225448410e-01
4.820313756630487667e-01 -1.632024131755223928e-01
-1.646749859426266394e-01 2.343587291868929334e-01
2.387965607014286284e-01 -1.518560205989991641e-01
-1.530397214583987808e-01 -3.953135154331656465e-02
-3.955196311968811607e-02 -3.299864907209749676e-01
-3.428130942634006195e-01 1.101592022723226760e-01
1.106080708623603248e-01 -7.336653970370543565e-02
-7.349860192102680712e-02 2.295574696398144654e-01
2.337222691666250574e-01 1.204067343653871525e-01
1.209937257820877243e-01 4.134814722757524375e-01
4.398034057186817058e-01 4.742149485441150558e-01
5.154942035066750750e-01 1.004398141560149255e-01
1.007796242208340992e-01 5.906914807513805044e-02
5.913799291261287450e-02 -4.566093989201713832e-02
-4.569271280530728951e-02 3.803282962768613773e-01
4.004434090180717387e-01 1.595604616918944174e-01
1.609356425425882142e-01 4.826350001769642573e-01
5.264137840200201479e-01 4.518942770844553425e-01
4.870780937198883054e-01 5.581675227429728769e-01
6.301674726856899555e-01 6.966254577147995564e-01
8.607141885473503784e-01 4.117048801376147482e-01
4.376623306461103757e-01 -1.406933110169786109e-02
-1.407025953493709625e-02 -2.773738864940852311e-01
-2.848348209491434746e-01 -6.916798369377077371e-01
-8.511692835270021629e-01 -7.234782911407837691e-01
-9.149052295725885742e-01 -7.195010810331744500e-01
-9.066097937789642236e-01 -7.451861549610435675e-01
-9.620416244490470614e-01 -7.865361553480860746e-01
-1.062283221456738147e+00 -7.156392061860226139e-01
-8.986485862489695942e-01 -4.907076228182119526e-01
-5.369919671567195962e-01 -7.494600850735468889e-01
-9.717221238221185331e-01 -3.455143109495379949e-01
-3.603409433129162176e-01 -1.964025569551268446e-01
-1.989880064504113144e-01 5.772602086985729741e-01
6.583438682605438075e-01 6.145778741333964845e-01
7.162448293885385064e-01 8.459847358558112429e-01
1.241858215470127424e+00 3.724048396898017033e-01
3.912122640078371516e-01 3.170375518441204132e-01
3.283501685925036551e-01 7.592626431981581991e-02
7.607267090616068317e-02 2.115005600705177277e-02
2.115321050242388590e-02 -2.606903883288481105e-01
-2.668489918058470356e-01 -2.202698765482963283e-01
-2.239397296553920502e-01 1.210751572567430739e-01
1.216720373817350154e-01 -4.051539179402307567e-01
-4.297997197180810636e-01 3.398498064103645105e-02
3.399807369417795488e-02 8.716583883266586577e-03
8.716804651959286776e-03 6.176648247077919374e-01
7.212206379785772725e-01 1.530127099317432626e-01
1.542239274247054759e-01 3.432002761573895722e-01
3.577155868403413819e-01 8.169683666283276968e-02
8.187932641523049115e-02 5.957170510037396172e-01
6.864817371670828283e-01 2.565713343186049045e-01
2.624346551265263061e-01 2.947160213397427841e-01
3.037230666139462132e-01 1.619580342621575186e-01
1.633968219962854684e-01 -9.054153179884343039e-02
-9.079016876409606862e-02 -5.547816609617797212e-01
-6.252627962182637500e-01 -5.563529081531418674e-01
-6.275355377747914298e-01 -2.442381324052002312e-01
-2.492761715684782553e-01 -1.539436492047075722e-01
-1.551773245687952385e-01 2.581637366629516150e-01
2.641400178306990698e-01 6.356091946108018143e-02
6.364672271380271418e-02 5.737665823027153778e-01
6.531199985168671951e-01 1.652478481073432759e-01
1.667771159100294165e-01 2.989829020742035964e-02
2.990720375982758306e-02 -1.796764712407423470e-01
-1.816483466196718299e-01 5.406022204798269781e-01
6.050061072087586922e-01 3.769971445937913002e-01
3.965546614950775650e-01 6.135403359190655381e-01
7.145792548170202263e-01 -5.322886299248151543e-02
-5.327921994927586891e-02 9.511159821892349597e-02
9.539996504599634886e-02 -4.139644135226085431e-01
-4.403860816947606227e-01 -2.331920627664902934e-01
-2.375624487348662606e-01 -6.246162092710894065e-01
-7.325389717022934288e-01 -2.728693849965870277e-01
-2.799614324031765578e-01 -6.019314067650819444e-01
-6.961704871076151990e-01 -3.982042308657688379e-01
-4.215129330957180231e-01 -5.325761787941900582e-01
-5.937344946271078117e-01 1.889644774323720189e-01
1.912630830693670403e-01 2.063624056639552506e-01
2.093689538052177224e-01 4.314892795615837828e-01
4.617252325656693857e-01 5.625359542777622068e-02
5.631304589484990852e-02 4.315365049814521847e-01
4.617832635509397932e-01 -3.058892644999370858e-01
-3.160040037038440164e-01 -4.425271684617816947e-01
-4.753690315069479810e-01 -8.639781836498026113e-01
-1.308826501957887078e+00 -4.491142097553801893e-01
-4.835901242432520952e-01 -7.283415388475181773e-01
-9.251859799299855247e-01 -1.933688422921934491e-01
-1.958345181257274692e-01 -5.621435862862044636e-02
-5.627368462511339597e-02 6.064682994321550780e-01
7.033159102647732475e-01 2.589661269456806636e-01
2.649998960388976199e-01 7.592008157089047415e-01
9.943257884943501601e-01 4.230361959508832093e-01
4.513842504387104437e-01 3.861364394115295862e-01
4.072514633050212662e-01 -4.196628383598455247e-02
-4.199094647469794883e-02 2.605604599850173120e-01
2.667095948374104131e-01 1.817825498050502087e-01
1.838255401079233187e-01 -8.984301769857140629e-02
-9.008592586728764173e-02 3.243304190899082839e-01
3.364790478477568403e-01 2.077249105530936391e-01
2.107924814210428710e-01 6.578472477619732306e-01
7.890089598561257356e-01 -4.622594403616031057e-03
-4.622627329821271669e-03 5.708822255117711464e-01
6.488306268702921376e-01 2.521816176568739687e-01
2.577412295136022324e-01 6.378305079510342424e-01
7.545077358650449373e-01 -6.929470377337577924e-02
-6.940593650299489714e-02 4.337265452972283719e-01
4.644776061355553320e-01 -9.378060172272673078e-02
-9.405698890888876396e-02 4.698660963137237245e-01
5.098984807900570626e-01 -1.833255152498973473e-01
-1.854216994801111684e-01 -2.821447256259091221e-02
-2.822196291162930304e-02 -4.545331947740322009e-01
-4.903991741941660099e-01 -1.904243418172253399e-01
-1.927774403487900468e-01 -1.934295869997740835e-01
-1.958976231673723034e-01 2.550666037129504793e-01
2.608245537096098854e-01 3.686442815262490069e-01
3.868532559818166905e-01 -2.383699185682837951e-01
-2.430451158016571356e-01 -2.389532348915604509e-02
-2.389987301680862597e-02 -5.855290942020789924e-01
-6.708353314757777852e-01 2.763776470286269382e-02
2.764480492875404094e-02 -5.443523316584315541e-01
-6.103200224581926125e-01 1.733614359023283313e-02
1.733788064917650418e-02 -3.200215279326540929e-01
-3.316710927714009993e-01 2.789389676476892732e-01
2.865311491726068027e-01 -3.350546905770074302e-01
-3.485113704574658300e-01 -8.247123895930068282e-02
-8.265898190611445373e-02 -5.275499290397254182e-01
-5.867441529278040191e-01 -1.753566379706166800e-01
-1.771879488900668653e-01 -1.445738311465424863e-01
-1.455939294870207124e-01 4.764036111092975756e-01
5.183216398618358811e-01 5.279651657381274621e-01
5.873196939550821005e-01 5.518676185276039092e-01
6.210628583207623565e-01 5.197149237315490389e-01
5.759491047867606461e-01 -3.282127425055747505e-02
-3.283306729370241706e-02 -1.031604450511929526e-02
-1.031641047563544578e-02 -3.182123921979576608e-01
-3.296568327961301170e-01 -9.642160858533117829e-02
-9.672210123990801489e-02 -1.447317726136164440e-01
-1.457552464198257347e-01 2.164051098740134016e-01
2.198814957929686731e-01 2.467148318260974360e-01
2.519116853234447673e-01 4.244854962116579866e-01
4.531507711536374439e-01 1.746731438190610719e-01
1.764828576122488557e-01 1.485937607490677714e-01
1.497021373872617911e-01 2.031541798750638797e-02
2.031821351388643504e-02 1.410029635354194122e-01
1.419487375887759917e-01 5.852603808450927980e-01
6.704265256799807338e-01 4.408357631797506504e-01
4.732676903074911068e-01 2.233455089923178927e-01
2.271745121155609448e-01 1.308665457726035097e-01
1.316213934158925181e-01 1.737318014153846346e-01
1.755120546545308469e-01 3.770481324215084196e-01
3.966140979864805072e-01 -4.569722269939585461e-03
-4.569754079202459351e-03 3.965298680159871636e-01
4.195246124687264100e-01 -3.004018453657301690e-01
-3.099612510536381982e-01 -4.737222400301653591e-02
-4.740770823253119548e-02 -1.357569042177028951e-01
-1.366002467633094519e-01 5.849185175382812796e-01
6.699067161287962646e-01 3.463298662426751440e-01
3.612673550514291509e-01 5.361566851056180916e-01
5.987460526281567219e-01 3.172771227078827194e-01
3.286165326975649670e-01 1.700909598053902960e-01
1.717603317675591712e-01 -1.984551147452112974e-01
-2.011238149665074137e-01 -3.187444111297017130e-02
-3.188524229619436184e-02 2.556531879691522069e-01
2.614520566232637622e-01 5.983034871244631570e-02
5.990189341994983652e-02 -3.350323499850569459e-02
-3.351577887013171275e-02 -1.913764459074553670e-01
-1.937655543233803013e-01 -1.518214560624031317e-01
-1.530043412305590877e-01 -4.347298275082279173e-01
-4.657140193495470371e-01 -2.169623537510431965e-01
-2.204661922630046789e-01 -6.226526117135914307e-01
-7.293256431262482575e-01 -6.495909829131523150e-01
-7.745907772975089145e-01 -7.874559447073721241e-01
-1.064699671022949934e+00 -8.752254303228795829e-01
-1.354987747062096792e+00 -8.545204329141476984e-01
-1.272672885268233856e+00 -7.582426571604427012e-01
-9.920677956984267354e-01 -2.567276507941270158e-01
-2.626019940432360311e-01 -3.511104369968162664e-01
-3.667097709451267451e-01 -2.009499550720104388e-01
-2.037222867858727027e-01 -3.895455388924776163e-01
-4.112641621198077635e-01 4.921293929930652122e-02
4.925272695831173220e-02 -2.718022854447788017e-01
-2.788088492980768107e-01 -5.020736195928998669e-01
-5.520748049550989744e-01 -6.148202528012646217e-01
-7.166344148557513005e-01 -1.312068475787836752e-01
-1.319676405013500975e-01 6.694857565847288361e-02
6.704886917961161430e-02 6.718924565995604281e-01
8.141850202475524600e-01 4.266754475650792466e-01
4.558250946112548108e-01 2.351298567449063015e-01
2.396126593287566386e-01 6.337304340748230180e-02
6.345808682338399676e-02 1.477679728324322317e-01
1.488578100421592554e-01 -1.963673016754428069e-01
-1.989513369360799422e-01 3.048908676077750901e-02
3.049853942682645425e-02 1.570480385880234364e-01
1.583586375925561396e-01 -1.333186885491939033e-01
-1.341170834788732447e-01 -3.426364641773916309e-01
-3.570766390402443369e-01 -4.980384633030651709e-01
-5.466941717770972264e-01 -5.263645244192814987e-01
-5.851030360553077792e-01 -4.821430392786767438e-01
-5.257726262037722975e-01 -1.438236074313678781e-01
-1.448277748726057856e-01 4.437424299778072734e-01
4.768812442672167862e-01 4.405473941662313986e-01
4.729098195413109496e-01 8.314383885291096732e-01
1.192777806042412791e+00 7.169785237516875798e-01
9.013992851224754688e-01 7.392162212514229447e-01
9.487491065508801835e-01 2.328854605519933563e-01
2.372382396749380118e-01 6.392157313419077891e-01
7.568465039420315676e-01 4.487308930943756935e-01
4.831100594038005847e-01 6.424300686782240533e-01
7.623006091058899258e-01 4.182135729543807745e-01
4.455249474148855193e-01 6.459761520076077179e-01
7.683623073024798966e-01 2.230418658280891864e-01
2.268549498176020696e-01 5.545895278760819558e-01
6.249852771401686047e-01 6.949418466779838655e-01
8.574506427095194283e-01 7.760914594600326621e-01
1.035466376176657599e+00 8.656108778575440921e-01
1.315302169260630150e+00 5.029902292227429461e-01
5.533011017335360826e-01 4.627936224839518942e-01
5.008604950572257408e-01 6.509288907035903904e-02
6.518505818515184236e-02 1.203764891514439994e-01
1.209630357424047453e-01 -4.882409447652691359e-02
-4.886294555797893180e-02 6.253828552528180040e-01
7.337970565692131242e-01 8.352730878611071275e-02
8.372237743814109345e-02 6.800256035721125025e-02
6.810767466902567513e-02 -3.283821299952757178e-01
-3.410137520893252727e-01 -7.229571659516084714e-03
-7.229697618765920653e-03 -4.752660802013906061e-01
-5.168511655889229672e-01 -3.506868904804183451e-02
-3.508307564122101208e-02 1.738794812271479973e-01
1.756643346002635941e-01 6.213786567960555285e-01
7.272477389096687617e-01 5.841179017881450442e-01
6.686906001102711494e-01 8.092560348192285868e-01
1.124869488467638012e+00 7.144477404447027169e-01
8.962106162174361401e-01 4.882371289347244292e-01
5.337430941171963372e-01 2.767985605688234596e-01
2.842116499404877539e-01 4.559660516665787200e-01
4.922066311941198369e-01 4.765073041551487476e-01
5.184557852190854188e-01 2.708998564562414280e-01
2.778346916255501897e-01 5.877921769329867985e-01
6.742860576018763208e-01 7.174010587847966525e-01
9.022693455419137365e-01 8.049868610838841754e-01
1.112620828105850057e+00 7.014498937892625907e-01
8.701491332506425813e-01 6.276192886788496406e-01
7.374784592917532633e-01 9.513036575304834042e-02
9.541890393925092639e-02 3.305012020349507029e-01
3.433908120778196293e-01 -1.168319489951336471e-01
-1.173679192444759406e-01 1.064325466945535148e-01
1.068371857865588748e-01 1.860419840927651225e-01
1.882340957546140281e-01 6.812736075672071179e-01
8.314869270766661602e-01 3.825164169836106076e-01
4.030040631190345835e-01 7.649089564149128551e-01
1.007940763320799515e+00 6.430568152236590951e-01
7.633685373911344163e-01 8.378354513006022186e-01
1.213866110259428588e+00 6.938818777405877380e-01
8.554035475361890795e-01 7.530337715653722119e-01
9.799257747263048213e-01 9.546009639683196435e-02
9.575165637124483098e-02 5.570876554573674089e-02
5.576650319300902048e-02 -5.194284852112885931e-01
-5.755567475605483097e-01 -6.152441130384566081e-01
-7.173161522358515452e-01 -5.465675059375352252e-01
-6.134734194557260878e-01 6.993797197173615143e-02
7.005233746399666672e-02 3.773612587647688921e-01
3.969791676864130592e-01 4.397311418485420065e-01
4.718974478651912219e-01 6.869492810945559969e-01
8.421558994469959814e-01 5.549448962458851664e-01
6.254986421632937610e-01 8.257431059897197834e-01
1.174605875871468363e+00 5.571248201446068471e-01
6.286541832036012245e-01 4.484784331840247495e-01
4.827939921801386314e-01 -5.840219061184284688e-02
-5.846872653624585192e-02 4.433780785950133252e-01
4.764276501907736550e-01 -1.850526962908563555e-02
-1.850738240892016440e-02 4.064585024550926295e-01
4.313614958635842433e-01 3.237628943000536719e-01
3.358449374913395902e-01 7.051118725089783323e-01
8.773949731847363598e-01 2.079923525885627733e-01
2.110720001228921228e-01 2.613295439231894668e-01
2.675348739780649687e-01 -3.665996563755785087e-01
-3.844891271448575010e-01 8.657499332804142675e-03
8.657715642345742424e-03 -2.034618613060008574e-01
-2.063412779229401028e-01 5.388799846280305506e-01
6.025759009764597440e-01 2.738349851732095955e-02
2.739034615857166566e-02 1.645932272948762431e-01
1.661041923689668409e-01 8.829931716033440070e-02
8.852987985009286298e-02 3.016866620007949140e-01
3.113741122392152394e-01 -2.539938648114034581e-02
-2.540485055517376078e-02 -1.169826006831489740e-01
-1.175206584672419119e-01 -5.986630601742135571e-01
-6.910608240509312772e-01 -4.135563657847630692e-01
-4.398937474786870361e-01 -4.223363079816032650e-01
-4.505321171448057882e-01 -4.666296145278413521e-01
-5.057530890951330571e-01 9.663217871301052475e-02
9.693465179570745494e-02 -7.647866486427597199e-02
-7.662829788851430179e-02 6.707462223583236793e-02
6.717548432935872837e-02 1.970919761485462884e-01
1.997051873827132562e-01 3.846472789501229061e-01
4.055025401927125350e-01 2.573446560368537750e-02
2.574014885453480839e-02 3.446571503373846435e-01
3.593679097193810956e-01 4.375458149333737445e-01
4.691914807153125810e-01 3.697387725901297162e-01
3.881204717868837473e-01 5.633053057920761608e-01
6.376616669352224154e-01 2.753535348208447919e-01
2.826473998412791233e-01 5.528279970352696360e-01
6.224448735107166453e-01 5.761698635296476079e-01
6.567101463038702569e-01 8.659469229922447386e-01
1.316644059067401562e+00 5.971074399441609337e-01
6.886397480075544530e-01 6.746165757835073107e-01
8.191676271517869257e-01 3.120741399122008986e-01
3.228417031802569004e-01 5.935613081928698964e-01
6.831467545436781252e-01 4.635289064528009401e-02
4.638613130119872974e-02 4.899386796956747281e-01
5.359796445722606606e-01 4.716114753393975678e-01
5.121407328993432539e-01 8.099317294848045190e-01
1.126830539454872770e+00 8.347202256105012985e-01
1.203503821453414613e+00 8.565670512954454141e-01
1.280308360211779739e+00 8.098702203738908922e-01
1.126651765293511742e+00 7.846656647521127459e-01
1.057397253026445938e+00 5.950612509946729967e-01
6.854657988569832217e-01 4.378426516690291925e-01
4.695586603508937751e-01 4.668314987084888901e-01
5.060111993470453040e-01 -1.134850503618498874e-01
-1.139760358811803681e-01 2.193899669997748103e-01
2.230151390124388011e-01 -6.683358062432298574e-02
-6.693335729707804160e-02 2.559634449141257595e-01
2.617840377154170839e-01 2.457901677679536490e-01
2.509273295541421533e-01 3.834480803602214882e-01
4.040958674721930599e-01 -1.600677241779884519e-01
-1.614562003713000404e-01 -1.471517069094003816e-01
-1.482278459024211625e-01 -7.095408037160026993e-01
-8.862584857327311383e-01 -2.400471050476900015e-01
-2.448240973928176856e-01 -1.019722386827349170e-01
-1.023279076030179646e-01 6.194030606741466327e-01
7.240359830668796626e-01 2.235067286828320565e-01
2.273442026262500471e-01 1.794275483860064413e-01
1.813911314221681725e-01 -4.224508478958233781e-01
-4.506715307180550467e-01 1.677886534144046038e-01
1.693903843472928383e-01 1.434653860471826192e-01
1.444620063102354246e-01 3.818608407365445823e-01
4.022363481171145616e-01 -3.664012164668119520e-01
-3.842598963677976709e-01 3.560899916246797192e-02
3.562406137019324959e-02 1.872207476087733857e-01
1.894553989705090591e-01 6.537405176432975473e-01
7.818032692835311659e-01 7.382394615228609069e-01
9.465989828571146347e-01 7.006386276230670562e-01
8.685538379615818094e-01 3.725222040032506454e-01
3.913485327594156682e-01 8.837700597726509677e-02
8.860817969010650885e-02 1.225779295053571888e-01
1.231974496562540794e-01 -9.175922307927454613e-02
-9.201806201898074522e-02 4.893419457469624922e-01
5.351947288922609403e-01 4.855692698246657363e-02
4.859514316554797153e-02 2.106350413387463594e-01
2.138357780324829649e-01 -1.676941970386633673e-01
-1.692931932886005963e-01 2.975473092205245251e-01
3.068265106741455694e-01 3.402348615971021450e-01
3.543581133248809856e-01 8.229146186244150618e-01
1.165779970510506969e+00 6.358634060428782764e-01
7.511984828345896759e-01 6.126523651712914020e-01
7.131564816034690057e-01 4.837214141197680450e-01
5.278310824313924288e-01 3.536629185911286527e-02
3.538104802119274028e-02 -1.934473893076081585e-02
-1.934715252851021070e-02 -2.500234824223294128e-01
-2.554378599570024666e-01 4.195848135350578323e-01
4.471880184126383884e-01 -1.477408024950547794e-01
-1.488300333007646636e-01 1.784382237457282638e-01
1.803690838119376971e-01 -1.432694382630476763e-03
-1.432695362887481672e-03 3.567540987896715698e-01
3.731616774168817208e-01 -2.440421797632280621e-02
-2.440906448127028866e-02 1.317716367556280299e-01
1.325423663719721978e-01 -5.944863564782869592e-01
-6.845762053200854513e-01 -5.395898156740885909e-01
-6.035767546321038068e-01 -7.704175160173933889e-01
-1.021354155123077145e+00 -3.140373988718416221e-01
-3.250182757781851506e-01 -2.350372685444377385e-01
-2.395146549887760545e-01 -1.746593786253542446e-01
-1.764686592506259921e-01 -2.460207047124243207e-01
-2.511727041766864121e-01 -1.975365585028281967e-01
-2.001677798202543823e-01 -5.397026669295241774e-01
-6.037359732160281212e-01 -3.876379967337370558e-01
-4.090173407676920281e-01 7.366625480904573364e-02
7.379994568948411438e-02 1.415625571728189661e-02
1.415720146688204117e-02 -1.761620207114434622e-01
-1.780190040918784300e-01 -6.213583984237286417e-01
-7.272147395053912833e-01 -5.751519852676167943e-01
-6.551877763075977246e-01 -8.342893755264416678e-01
-1.202084691541587702e+00 -6.694151414771554176e-01
-8.096826225201509963e-01 -5.802004057395011571e-01
-6.627647580869289179e-01 -2.548607360811420142e-01
-2.606043728988873820e-01 -3.076025335030038166e-01
-3.178952240453523648e-01 4.227250031861272683e-01
4.510052886973902608e-01 2.864741619850956211e-01
2.947209491216945532e-01 6.388975220968978741e-01
7.563086308907451816e-01 4.745205380682455121e-01
5.158885251744773637e-01 7.406369549378611916e-01
9.518887963414770503e-01 5.677138773591190457e-01
6.441430090755755344e-01 8.540527029266385961e-01
1.270941797368561055e+00 6.174643534157294722e-01
7.208965727248899391e-01 6.004203157086041021e-01
6.938041828382386367e-01 -2.129977457045474643e-01
-2.163094688332853899e-01 -2.971266734352226435e-01
-3.063650801346777808e-01 -6.442261561649259560e-01
-7.653649359379619543e-01 -4.216202463243144960e-01
-4.496609262266388352e-01 -5.441022920316068712e-01
-6.099647599934359121e-01 2.952529279725723543e-01
3.043111454394450410e-01 3.705186749090729620e-02
3.706883691040327444e-02 2.345189354317588626e-01
2.389660842250918849e-01 -3.907319989870607357e-01
-4.126636336165334651e-01 -3.470059046361897437e-01
-3.620357365164441621e-01 -4.385083102186546622e-01
-4.703824929710253011e-01 -2.495774916470251681e-01
-2.549621870473856022e-01 -5.762426163292639902e-01
-6.568190599032025512e-01 -4.590232219849609274e-01
-4.960730555141517617e-01 -7.697486873225457549e-01
-1.019710727353989377e+00 -4.037843146099269198e-01
-4.281622304370015231e-01 -1.721228855321241813e-01
-1.738535424422296138e-01 5.695591206375580917e-01
6.468700298786727032e-01 6.719705372330248005e-01
8.143273711790655067e-01 8.672557991713409908e-01
1.321900585349717216e+00 6.483392096411406680e-01
7.724282365798021965e-01 4.869451806455680209e-01
5.320481901198005348e-01 -3.853391170582933234e-01
-4.063147663194368597e-01 -4.675978796322280973e-01
-5.069915892609708763e-01 -4.690547634343892880e-01
-5.088577857987752751e-01 2.042779312697058924e-01
2.071927370835117133e-01 -4.688778235353088103e-02
-4.692218811812641499e-02 5.397883160369635336e-01
6.038568313403752663e-01 4.117700761655278957e-02
4.120030382394168633e-02 -7.758693241478567537e-02
-7.774318133226543193e-02 -5.128525362260910603e-01
-5.665926834715556693e-01 -2.495298912056599649e-01
-2.549114253153423881e-01 -4.196495930627160975e-01
-4.472666418438264735e-01 -1.653496071511599899e-02
-1.653646787559887033e-02 7.931595165650430490e-02
7.948290839232474703e-02 7.086905863406034456e-01
8.845483188570042454e-01 4.494385143217792811e-01
4.839964441939056394e-01 2.861044983452102342e-01
2.943182822634421436e-01 -1.045544513477946469e-01
-1.049379535317194606e-01 -3.311568236564426670e-01
-3.441270088859777476e-01 -4.972680792821734808e-01
-5.456701894189187607e-01 -5.972501535601775213e-01
-6.888615674224695118e-01 -7.950960211436419733e-01
-1.085136159790403676e+00 -7.887323695270682666e-01
-1.068068376949034448e+00 -8.843335045046594178e-01
-1.395309223718045777e+00 -7.392445165672830720e-01
-9.488114944590179123e-01 -8.044220813776685741e-01
-1.111018391114119375e+00 -2.054237648712939623e-01
-2.083887606148166483e-01 -6.908747993616180805e-02
-6.919771582786382602e-02 2.694298365768287851e-01
2.762489279990644753e-01 -3.499545942612615201e-01
-3.653920107768423575e-01 -1.512522881749528425e-01
-1.524217960951875783e-01 -4.905317394637254691e-01
-5.367603259965967322e-01 2.451933516113968814e-01
2.502922388690652644e-01 2.592643486928981611e-01
2.653195817110426957e-01 6.266847024438337854e-01
7.359379666744499948e-01 3.288175287517803302e-01
3.415018551783647327e-01 2.484441377222511294e-01
2.537539122028808491e-01 -2.302999153788497580e-02
-2.303406438694693970e-02 3.284903845630307018e-01
3.411350960789303333e-01 4.529287724488665484e-02
4.532388736794054629e-02 -5.127562570241076152e-03
-5.127607508733866837e-03 -6.195435531449379196e-01
-7.242639616936359381e-01 -5.253406489049766703e-01
-5.836878246308664364e-01 -7.775739501076334159e-01
-1.039205038959963634e+00 -6.406053425978744942e-01
-7.591997275699019498e-01 -3.761761488415700794e-01
-3.955979933692942430e-01 1.039966954502596075e-01
1.043740662496527166e-01 4.187290836129177463e-02
4.189740662680169203e-02 4.130310666118595653e-01
4.392602373376914282e-01 -3.585449504911055185e-01
-3.752152029791035459e-01 -3.854390880223484417e-01
-4.064321754460522573e-01 -5.722018090315261762e-01
-6.507903870209232888e-01 5.227555255411198316e-03
5.227602874574716063e-03 1.626509331272494585e-01
1.641084675916851809e-01 6.999819140091976255e-01
8.672650658472765839e-01 6.842913527114361516e-01
8.371402030531542859e-01 7.914661425778769521e-01
1.075344111934603442e+00 3.391939750978021362e-01
3.531814305451230762e-01 2.435054219904018991e-01
2.484971287508458970e-01 2.787429026773957652e-02
2.788151285382783895e-02 4.884161086544657193e-01
5.339781184095265809e-01 3.250761889203101496e-01
3.373127129058561824e-01 7.913477674326527822e-01
1.075027325587982752e+00 6.134270023807831818e-01
7.143975250675017596e-01 7.911008935666210551e-01
1.074367171527693010e+00 3.844457525004220666e-01
4.052660412131758316e-01 2.959157620268332289e-01
3.050374355759755685e-01 -3.270468915744676464e-01
-3.395178592324726297e-01 -2.115937400916516609e-01
-2.148391986154919997e-01 -4.014421938037525117e-01
-4.253670091744551351e-01 -1.761152070388947721e-01
-1.779706915312427307e-01 -2.552957558788755965e-01
-2.610696670273230935e-01 4.671412714350166029e-01
5.064073668079225321e-01 5.777768485693102196e-01
6.591190540926410435e-01 7.761701945670820280e-01
1.035664391673272178e+00 6.088808872301217923e-01
7.071409826755813421e-01 1.701449662536868579e-01
1.718159477491261744e-01 -4.487512768351411552e-01
-4.831355827425778959e-01 -4.154850816553282145e-01
-4.422226306878643820e-01 -5.503924441750731589e-01
-6.189441317789220465e-01 -3.074976463769478752e-01
-3.177793795269890365e-01 -6.572697603421129298e-01
-7.879915700954658320e-01 -4.359677031119139068e-01
-4.672413723207988201e-01 -7.294603178837670843e-01
-9.275729485901000881e-01 -4.077244000487786346e-01
-4.328788559725784135e-01 -7.644485197315959990e-01
-1.006831988850481086e+00 -1.462574016282232325e-01
-1.473138697535116837e-01 -1.412451881065819315e-01
-1.421958843370645098e-01 3.279967147679217487e-01
3.405818134822858889e-01 -3.097675066636531582e-01
-3.202882184567483748e-01 1.079282250124261183e-01
1.083502458818868391e-01 -6.118909488049807388e-01
-7.119384556195915703e-01 -1.389456751645872790e-01
-1.398503348115884837e-01 -3.419362643726611140e-01
-3.562835170489669911e-01 2.718880238400538385e-01
2.789014293388201171e-01 -4.097437633206844065e-01
-4.353032483203881364e-01 1.312038739312554048e-01
1.319646147662560387e-01 -2.479823639988982809e-01
-2.532618208072084376e-01 4.316888005853828925e-01
4.619704254485222927e-01 9.997297394416330973e-02
1.003080487592927089e-01 2.355639486653511305e-01
2.400722046288382150e-01 -1.430151794214401806e-01
-1.440023689382451955e-01 -8.959585023271803006e-02
-8.983675266125837333e-02 -6.790628803361362653e-01
-8.273729461982088917e-01 -3.486535877956868368e-01
-3.639102037495708930e-01 -3.880468960105329934e-01
-4.094986375694972258e-01 -2.595251194699381703e-01
-2.655991643860063922e-01 3.153026290764064932e-01
3.264225539720583269e-01 2.694006385357521904e-01
2.762174447606556837e-01 2.282162836649494764e-01
2.323069346883788189e-01 -5.816691846704988289e-02
-5.823265242551402265e-02 4.744774305287257077e-01
5.158328918263173080e-01 -1.264329029109241831e-01
-1.271131274825898494e-01 -7.355726586712313386e-02
-7.369036295243115708e-02 -3.755766817431954174e-01
-3.948998970365229511e-01 4.828893339984133282e-02
4.832651971836821048e-02 1.417062452962943725e-02
1.417157316223555119e-02 6.240827025027815278e-01
7.316646394398413911e-01 3.759639742573535059e-01
3.953508681933440294e-01 5.899036944047489905e-01
6.775183500058767905e-01 4.259490149997836594e-01
4.549373150304145685e-01 4.073319306023536202e-01
4.324082243971545392e-01 1.353563599024911468e-01
1.361922044191319625e-01 3.062620096378317336e-01
3.164152779654176850e-01 2.834058389802147637e-01
2.913814891295001264e-01 4.195923157438763984e-01
4.471971236379203019e-01 5.841438433223535842e-01
6.687299775901446308e-01 4.630201628842241512e-01
5.011488181336971603e-01 5.083872134042564106e-01
5.605524504530322583e-01 6.276819218544258394e-01
7.375818050357393352e-01 8.289721058304170276e-01
1.184841365113445510e+00 7.425086600402842629e-01
9.560475121012396160e-01 7.589597265003708015e-01
9.937569096549931924e-01 6.971307530733238389e-01
8.616965638644724645e-01 5.029989339454122854e-01
5.533127546974277999e-01 4.750048496083960625e-01
5.165137657194904808e-01 -2.851693326314531651e-01
-2.933000396120102327e-01 -2.407404512189376677e-01
-2.455599690096868792e-01 -6.644120026256631339e-01
-8.006714895946838162e-01 -4.907669235561238907e-01
-5.370700790377866962e-01 -8.373149613418159332e-01
-1.212122235663694481e+00 -3.253589907626486255e-01
-3.376289634593784283e-01 -6.961863276417357138e-01
-8.598615398468700821e-01 -5.587069232188728307e-01
-6.309513166158207120e-01 -7.278905206610373213e-01
-9.242260541863434042e-01 -1.437118849002271270e-01
-1.447136943931007225e-01 -6.882854849846536949e-01
-8.446905170405292207e-01 -4.245040237711841247e-01
-4.531733711348961968e-01 -5.941120255583857146e-01
-6.839974699480521059e-01 -4.023138038307547126e-01
-4.264065038715220135e-01 -5.008563563201670066e-01
-5.504486054936033046e-01 9.545645712783169812e-02
9.574798363523612243e-02 2.007895565798621662e-01
2.035551443189354548e-01 6.601251396212345912e-02
6.610865197033091722e-02 2.587771468274521758e-02
2.588349339475171096e-02 -3.858577096308277166e-01
-4.069239336522882944e-01 -3.493995431684862596e-01
-3.647596367202641243e-01 -5.670403797102958610e-01
-6.431497714262617293e-01 -2.016485035133918080e-01
-2.044503368551695843e-01 -2.362691939683212450e-01
-2.408190149126776813e-01 3.812936396845519327e-01
4.015724882481075397e-01 -1.458942945560752213e-01
-1.469428457089553275e-01 3.159870533909867607e-01
3.271827143768495927e-01 -2.889834321042197285e-01
-2.974567088932813519e-01 2.002002143406883539e-01
2.029411193615244247e-01 1.621227465428226322e-01
1.635659757627258293e-01 8.007664047691122056e-01
